#input for non-centrosymmetric orthorhombic HfO2

ndtset    1

autoparal 1

#Crystal Def.
ntypat   3
natom    104
typat    16*1 16*2 72*3
znucl    57 42 8
#acell 2*14.3094  7.1547 Angstrom
nsym 1

rprim
  2.67805956407898E+01 -6.72122908613080E-01  3.03960128371534E-02
 -6.66964352840657E-01  2.72680135573163E+01 -3.59851680017838E-01
  5.49472086182386E-03 -1.79642235549543E-01  1.35823223758451E+01




kptopt   1
ngkpt    1 1 2
nshiftk 1
shiftk 
0.5 0.5 0.5

ecut       30
pawecutdg  30
pawxcdev   0
ixc      -116133
#There are 416 occupied bands
nband    420
diemac   4
ecutsm   0.5

# First SCF run       
#irdwfk1   1
nstep     100
iscf      7
tolvrs    1.0E-20
ionmov    2
optcell   2
dilatmx   1.04
tolmxf    1e-8
ntime     250
strtarget 3*0.0 -1.69946e-05 2*0.0

# Printing flags
prtden    1
prteig    0
prtwf     1
prtposcar 0
prtcif    0




xred  4.29298962312853E-01  4.38352919945582E-01  8.28240639746099E-01
  1.47208014812505E-01  3.01033167907445E-01  1.13909910063857E-01
  1.04147941955874E-01  1.68954722218470E-01  5.95526300261784E-01
  3.24899527933374E-01  5.91731635907648E-02  3.30718562716684E-01
  9.13351349560298E-01  4.36583638089938E-01  8.80806180693405E-01
  6.84101806603635E-01  3.38623270144114E-01  1.66143046977082E-01
  5.65960345355492E-01  2.00484374374729E-01  7.12236349864995E-01
  8.30744519833708E-01  7.56819013616396E-02  3.72537550134887E-01
  4.31872588452913E-01  9.38743424439950E-01  8.44094655404281E-01
  1.87596259448593E-01  8.26516273656938E-01  1.39877831048091E-01
  9.61927952705738E-02  6.71287438969294E-01  6.00281300245227E-01
  3.26584231754746E-01  5.67957763882875E-01  3.31425541646587E-01
  9.07233299807579E-01  9.39513695931766E-01  8.59876516607269E-01
  6.57498897384773E-01  8.16628687552004E-01  1.98150476766146E-01
  5.55688496874297E-01  6.84311136822948E-01  6.56135819084322E-01
  8.10443408398082E-01  5.73889715897852E-01  3.50459328237625E-01
  9.27077768170104E-02  6.36756414712286E-02  1.54153999643505E-01
  3.25434621816185E-01  1.70633886958814E-01  7.88840977837863E-01
  4.01757181056376E-01  3.26499879339080E-01  3.06930740689570E-01
  1.57660773885915E-01  4.02071021283002E-01  6.54578574723130E-01
  5.99062027182666E-01  9.53764658998043E-02  1.79160027143315E-01
  8.48062458663154E-01  1.67563665823388E-01  8.27450319846072E-01
  9.18695047445311E-01  3.33080846599808E-01  3.23930976823350E-01
  6.70126224647420E-01  4.26390241089899E-01  7.05295606942959E-01
  8.35695302934244E-02  5.43974777235227E-01  1.80736985296995E-01
  3.19284642542898E-01  6.64037005171948E-01  8.09319894096846E-01
  4.23643206628050E-01  8.44295723690062E-01  2.98710573762321E-01
  1.37322339642222E-01  8.99121839223531E-01  6.94070696281539E-01
  5.73211671046207E-01  5.86944692879324E-01  1.99481849534926E-01
  8.41340947409682E-01  6.74748874623786E-01  8.32232321394989E-01
  9.10099610032666E-01  8.27963467760236E-01  3.22445691380073E-01
  6.74789514235990E-01  9.36232733121715E-01  7.17116237949565E-01
  7.00899237856106E-02  3.46306137740888E-01  8.01961561241342E-01
  1.75628028500226E-01  1.54649970018262E-01  2.79504612947273E-01
  3.26624478869536E-01  3.49138017025817E-01  1.17643810343710E-01
  4.26844809839790E-01  9.56201296922718E-02  7.00186957247948E-01
  5.82838778972050E-01  3.54974263146713E-01  8.61034065531694E-01
  6.12241187398711E-01  1.48092811293020E-01  4.01579757888867E-01
  8.39440787836038E-01  4.20075323439854E-01  2.13593470799899E-01
  9.32891778388237E-01  1.45720813324626E-01  6.46721146052744E-01
  5.95437380430242E-02  8.13556835189630E-01  7.92653252655764E-01
  1.55012086470197E-01  6.46068858459323E-01  2.59432864767841E-01
  3.43371957883525E-01  9.13495382321879E-01  1.38361529784154E-01
  4.10357116091434E-01  5.88437331362499E-01  6.91818289055617E-01
  5.73778506706504E-01  8.53539584335991E-01  7.47493401475241E-01
  6.57296159233353E-01  6.60478758606011E-01  3.64864250045071E-01
  8.72166757866650E-01  9.27888179261978E-01  2.06100786919696E-01
  9.19147127351931E-01  6.46472373348416E-01  6.45114109696307E-01
  8.01751173363313E-02  1.43831264107251E-01  9.66581975148965E-01
  9.97800657237499E-01  6.97837877097650E-02  3.14493998057865E-01
  1.81525996220711E-01  9.83056242168051E-01  2.53282395883538E-01
  3.97608985129202E-01  4.20607677610823E-01  4.72712156494679E-01
  3.67805010986262E-01  2.21450032511710E-01  4.13353110162093E-01
  5.16481157292085E-01  3.10518259706894E-01  2.26847973495976E-01
  3.16237424745524E-01  1.24439098662002E-01  1.07895555007844E-02
  4.15022866041632E-01  2.68445183595506E-01  7.83383246522119E-01
  2.49381647422363E-01  9.57451539030242E-02  6.24357771565960E-01
  2.58800304386973E-01  4.43676115023756E-01  7.75744526997163E-01
  1.83338177430064E-01  3.27573212078336E-01  4.62892896567459E-01
  1.06294273595647E-01  5.00462417382824E-01  5.66070471461175E-01
  1.12183899931666E-02  4.05950339224100E-01  1.55824003611769E-01
  9.20506832477324E-01  3.78358531792793E-01  5.50414501816733E-01
  8.21859313464662E-01  2.43660472452103E-01  3.10210347505439E-01
  4.80802122161132E-01  5.79409718927485E-02  1.35120802789882E-01
  6.38040473595566E-01  1.84631870665938E-01  1.02517371573118E+00
  6.79553895111895E-01  1.00652301280958E+00  1.83381715971544E-01
  7.54013248643323E-01  3.89673915357638E-01  8.86417683650055E-01
  6.52837082096591E-01  3.46507861117468E-01  5.14327599673965E-01
  5.84504416034897E-01  5.15574656286395E-01  7.08143872058721E-01
  8.49711395070339E-01  8.77403045562801E-02  1.62357917587110E-02
  8.91082187234577E-01  2.71009528238800E-01  9.41830122659364E-01
  7.43045103418531E-01  1.95511438782970E-01  7.17872919986350E-01
  3.28457333278027E-01  5.96630562989148E-01  1.21952610096721E-02
  3.96786127265314E-01  7.65280961478188E-01  8.05488699662294E-01
  2.51601928967735E-01  6.32847213178833E-01  5.87071342362261E-01
  1.83360268794862E-01  4.69117716335318E-01  1.99155899050603E-01
  5.19332071362173E-02  5.60647938944577E-01  9.45785064950874E-01
  9.83931443948271E-01  5.70960599040833E-01  3.26116342446994E-01
  4.00275222937547E-01  9.26257688478727E-01  4.87635865671268E-01
  3.39357546819454E-01  7.48254924375171E-01  2.85101803055587E-01
  5.11339348338961E-01  8.70025991459528E-01  1.06251746494656E-01
  7.14125748131430E-02 -3.43946920571501E-03  6.40554558078955E-01
  2.39483853460040E-01  9.18730916454973E-01  8.34590288503880E-01
  1.72212045134540E-01  8.32039366572814E-01  4.95160250231296E-01
  6.65674120227732E-01  5.01189372069949E-01  2.07528457454249E-01
  4.85159429199089E-01  6.17102631285684E-01  3.74002810962505E-01
  5.82924709480288E-01  6.71539555273236E-01  1.02124686897283E+00
  8.38657701779846E-01  5.85135428089463E-01 -9.75465902737359E-04
  8.86512481390963E-01  7.76238034797139E-01  9.47725316113036E-01
  7.29414506547049E-01  6.95824281617095E-01  7.45428969290987E-01
  6.03553086013676E-01  3.30694287394783E-02  7.79711948134604E-01
  7.40699537914088E-01  8.87766895245310E-01  9.03590552249918E-01
  6.96839135332890E-01  9.00141863065735E-01  4.79177117742431E-01
  2.26500230543209E-02  7.89731652208014E-01  2.65338716120166E-01
  9.12164668586494E-01  8.58852334549235E-01  5.58895300569824E-01
  8.19434650276341E-01  7.39820225927184E-01  2.92362707108137E-01
  6.02743239064526E-02 -4.05816835108909E-02  8.85662147708362E-03
  2.25014854755883E-01  2.50120821056502E-01  7.96839765184227E-01
  1.01619692737477E+00  2.56770763496066E-01  3.27040649138333E-01
  7.71318558488967E-01  5.03176276036784E-01  6.32946282914902E-01
  2.05577556686993E-01  7.15010995243312E-01  8.77036767672044E-01
  5.24673118064832E-01  7.94105876218258E-01  4.09087509217659E-01
  4.83642325235722E-01  4.99932700033213E-01  1.14344614055143E-01
  7.94958065366221E-01  1.02016596526426E+00  6.76304865701977E-01
