#input for non-centrosymmetric orthorhombic HfO2

ndtset    1

autoparal 1

#Crystal Def.
ntypat   3
natom    104
typat    16*1 16*2 72*3
znucl    57 42 8
#acell 2*14.3094  7.1547 Angstrom
nsym 1

rprim
  2.67993721941269E+01 -6.62269926394639E-01  6.60357342016384E-02
 -6.58614023253491E-01  2.72556557685352E+01 -7.41616120798970E-02
  2.71110437560965E-02 -3.69152115909869E-02  1.35682771536723E+01

xred      
4.2922227840E-01  4.3729131919E-01  8.3001527935E-01
1.4694920571E-01  3.0222188990E-01  1.1331403639E-01
1.0449235736E-01  1.6914995763E-01  5.9494479418E-01
3.2422322411E-01  6.0030438248E-02  3.3066237368E-01
9.1237887549E-01  4.3779083458E-01  8.7849696464E-01
6.8369535532E-01  3.3717635902E-01  1.7071225000E-01
5.6751932178E-01  2.0054403624E-01  7.0986151966E-01
8.3035525380E-01  7.5983551692E-02  3.7230813468E-01
4.3290054857E-01  9.3937617602E-01  8.4166739893E-01
1.8699343962E-01  8.2735818205E-01  1.4202505357E-01
9.6867278553E-02  6.7058514574E-01  6.1577806692E-01
3.2512445256E-01  5.6896456436E-01  3.3782014655E-01
9.0694308896E-01  9.3972798889E-01  8.6077495262E-01
6.5730491076E-01  8.1592283825E-01  1.9866607814E-01
5.5605171218E-01  6.8342327043E-01  6.5398755911E-01
8.0936427387E-01  5.7296220310E-01  3.4753490902E-01
9.2470683971E-02  6.3995942585E-02  1.5432918511E-01
3.2595780203E-01  1.7144008310E-01  7.8440055425E-01
4.0067969951E-01  3.2712696876E-01  3.0892076422E-01
1.5853829862E-01  4.0195277644E-01  6.5257613125E-01
6.0048878278E-01  9.5766265852E-02  1.8191163116E-01
8.4895125176E-01  1.6850119828E-01  8.2529075404E-01
9.1964210729E-01  3.3375350848E-01  3.2366177569E-01
6.6964159109E-01  4.2535307070E-01  7.0704914991E-01
8.3529948475E-02  5.4745807640E-01  1.7888198436E-01
3.2016380679E-01  6.6468884809E-01  8.1267336482E-01
4.2294045157E-01  8.4529855069E-01  2.9891937564E-01
1.3729859178E-01  8.9861464086E-01  6.9528561950E-01
5.7234941100E-01  5.8554858102E-01  1.9815511797E-01
8.4068092707E-01  6.7504931775E-01  8.2726621104E-01
9.0994005589E-01  8.2795251392E-01  3.2763800934E-01
6.7466338651E-01  9.3443788048E-01  7.1589253939E-01
7.0533386691E-02  3.4710769537E-01  8.0206162145E-01
1.7535600825E-01  1.5477294288E-01  2.7853036304E-01
3.2779101616E-01  3.5042993874E-01  1.1549788300E-01
4.2754788870E-01  9.6553960812E-02  6.9606812492E-01
5.8264663110E-01  3.5395817298E-01  8.6460194893E-01
6.1914947918E-01  1.4904307618E-01  4.0103920654E-01
8.3877592017E-01  4.1981028123E-01  2.1191692618E-01
9.3357116315E-01  1.4379681170E-01  6.4652803710E-01
6.0835344970E-02  8.1383881204E-01  8.0340782298E-01
1.5366652199E-01  6.4821749695E-01  2.5977674048E-01
3.4349707311E-01  9.1530643853E-01  1.3773246327E-01
4.1002679175E-01  5.8894431649E-01  6.9340210486E-01
5.7363091750E-01  8.5195275236E-01  7.4858734860E-01
6.5655063504E-01  6.5940026344E-01  3.6125163483E-01
8.7217516706E-01  9.2790187687E-01  2.0768428813E-01
9.1975427563E-01  6.4556038767E-01  6.4322271591E-01
8.0642760158E-02  1.4574506969E-01  9.6576167340E-01
9.9724775554E-01  6.9701820936E-02  3.1382375583E-01
1.8155504969E-01  9.8308231242E-01  2.5492598211E-01
3.9670932321E-01  4.2088062606E-01  4.7209042032E-01
3.6225130535E-01  2.2267421470E-01  4.1691802653E-01
5.1573399154E-01  3.0717821727E-01  2.3501546773E-01
3.1709385669E-01  1.2455277208E-01  8.0024207674E-03
4.1655786254E-01  2.6872917689E-01  7.7914891674E-01
2.4936496145E-01  9.5656989124E-02  6.2587790904E-01
2.5928996847E-01  4.4372808483E-01  7.7292840087E-01
1.8313121180E-01  3.2896128079E-01  4.6042614839E-01
1.0772355803E-01  5.0155357820E-01  5.6314152050E-01
1.0363000078E-02  4.0527543323E-01  1.5132891051E-01
9.2098399225E-01  3.7841124804E-01  5.4920144802E-01
8.2316568538E-01  2.4372452119E-01  3.0976929623E-01
4.8166895350E-01  5.9917386076E-02  1.4394705827E-01
6.3916857834E-01  1.8417789297E-01  1.0218129760E+00
6.7906926652E-01  1.0053709658E+00  1.8347169934E-01
7.5358709309E-01  3.8824908596E-01  8.8891382885E-01
6.5227413864E-01  3.4579560058E-01  5.1815154060E-01
5.8446243197E-01  5.1494030397E-01  7.0702272338E-01
8.4861846681E-01  8.7389454921E-02  1.5033977561E-02
8.9229538890E-01  2.7130136045E-01  9.3552459317E-01
7.4432195879E-01  1.9563213008E-01  7.1335149195E-01
3.2997576605E-01  5.9623446827E-01  1.6878227291E-02
3.9719463581E-01  7.6581005842E-01  8.0672983966E-01
2.5176784798E-01  6.3512067344E-01  5.9142125683E-01
1.8158342448E-01  4.7084001393E-01  1.9764192895E-01
5.2667152136E-02  5.6510373835E-01  9.4173342086E-01
9.8173617189E-01  5.6844660588E-01  3.1967710075E-01
3.9984664718E-01  9.2605335451E-01  4.8743194141E-01
3.3882821766E-01  7.4916735560E-01  2.8741326996E-01
5.1109232452E-01  8.7098145693E-01  1.0571924335E-01
7.1112544914E-02 -3.7898211655E-03  6.4045311646E-01
2.3979381245E-01  9.1832657491E-01  8.3304994710E-01
1.7022043733E-01  8.3075812655E-01  4.9833439449E-01
6.6534116739E-01  5.0002983951E-01  2.1002112662E-01
4.8430048875E-01  6.1592379540E-01  3.7140886924E-01
5.8270378368E-01  6.7081367380E-01  1.0177304860E+00
8.3636057894E-01  5.8468094907E-01 -3.7979405569E-03
8.8514723834E-01  7.7527602873E-01  9.4275422054E-01
7.2950389703E-01  6.9617734732E-01  7.3688378636E-01
6.0288849225E-01  3.1368985476E-02  7.7341770758E-01
7.3992252683E-01  8.8651531329E-01  9.0626824898E-01
6.9750812936E-01  8.9774905255E-01  4.7978020730E-01
2.1883687429E-02  7.9098568155E-01  2.6508453524E-01
9.1327809185E-01  8.5722912231E-01  5.6404953054E-01
8.1981846037E-01  7.3991007714E-01  2.9568412163E-01
6.0065522131E-02 -3.9068863777E-02  1.1019444506E-02
2.2608729994E-01  2.5130676420E-01  7.9186961937E-01
1.0169197446E+00  2.5667834490E-01  3.2966503897E-01
7.7144630804E-01  5.0195456722E-01  6.3296374078E-01
2.0655250448E-01  7.1485124109E-01  8.8169815823E-01
5.2398082607E-01  7.9404117265E-01  4.1003422666E-01
4.8493663480E-01  4.9759794977E-01  1.1452374878E-01
7.9442448300E-01  1.0182546229E+00  6.7413633473E-01



kptopt   1
ngkpt    1 1 2
nshiftk 1
shiftk 
0.5 0.5 0.5

ecut       30
pawecutdg  30
pawxcdev   0
ixc      -116133
#There are 416 occupied bands
nband    420
diemac   4
ecutsm   0.5

# First SCF run       
#irdwfk1   1
nstep     100
iscf      7
tolvrs    1.0E-20
ionmov    2
optcell   2
dilatmx   1.04
tolmxf    1e-8
ntime     250
strtarget 0.0 XXXX 4*0.0

# Printing flags
prtden    1
prteig    0
prtwf     1
prtposcar 0
prtcif    0
