       La0   0.852900   0.852900   0.852900
       La1   0.352900   0.647100   0.147100
       La2   0.147100   0.352900   0.647100
       La3   0.647100   0.147100   0.352900
       Mo4   0.169500   0.169500   0.169500
       Mo5   0.669500   0.330500   0.830500
       Mo6   0.830500   0.669500   0.330500
       Mo7   0.330500   0.830500   0.669500
     O1(1)   0.316400   0.316400   0.316400
     O1(2)   0.816400   0.183600   0.683600
     O1(3)   0.683600   0.816400   0.183600
     O1(4)   0.183600   0.683600   0.816400
     O2(1)   0.992900   0.182000   0.336000
     O2(2)   0.492900   0.318000   0.664000
     O2(3)   0.007000   0.682000   0.164000
     O2(4)   0.507000   0.818000   0.836000
     O2(5)   0.336000   0.992900   0.182000
     O2(6)   0.164000   0.007100   0.682000
     O2(7)   0.836000   0.507100   0.818000
     O2(8)   0.664000   0.492900   0.318000
     O2(9)   0.182000   0.336000   0.992900
    O2(10)   0.818000   0.836000   0.507100
    O2(11)   0.318000   0.664000   0.492900
    O2(12)   0.682000   0.164000   0.007100
     O4(1)   0.025000   0.025000   0.025000
     O4(2)   0.525000   0.475000   0.975000
     O4(3)   0.975000   0.525000   0.475000
     O4(4)   0.475000   0.975000   0.525000
