#input for non-centrosymmetric orthorhombic HfO2

ndtset    1

autoparal 1

#Crystal Def.
ntypat   3
natom    104
typat    16*1 16*2 72*3
znucl    57 42 8
#acell 2*14.3094  7.1547 Angstrom
nsym 1

rprim
  2.67823767227177E+01 -6.68997942977951E-01  6.18086958719874E-02
 -6.61286882680444E-01  2.74081539300657E+01 -7.78526725490254E-02
  2.49513625144014E-02 -3.90490177842916E-02  1.35518330633438E+01




kptopt   1
ngkpt    1 1 2
nshiftk 1
shiftk 
0.5 0.5 0.5

ecut       30
pawecutdg  30
pawxcdev   0
ixc      -116133
#There are 416 occupied bands
nband    420
diemac   4
ecutsm   0.5

# First SCF run       
#irdwfk1   1
nstep     100
iscf      7
tolvrs    1.0E-20
ionmov    2
optcell   2
dilatmx   1.04
tolmxf    1e-8
ntime     250
strtarget 0.0 1.69946e-05 4*0.0

# Printing flags
prtden    1
prteig    0
prtwf     1
prtposcar 0
prtcif    0




xred  4.29593029541817E-01  4.36371608908587E-01  8.29332520881080E-01
  1.46291393706210E-01  3.01943224359085E-01  1.13606695093991E-01
  1.04986304288435E-01  1.69239630707734E-01  5.94623307852343E-01
  3.25045018897759E-01  6.01300568121568E-02  3.30699535077834E-01
  9.12401918001310E-01  4.37483233766622E-01  8.78636939926104E-01
  6.83757547601630E-01  3.37660788443397E-01  1.69620017523800E-01
  5.66999570792592E-01  2.00258047820944E-01  7.11969711495640E-01
  8.32186996590151E-01  7.70705713312440E-02  3.71086235630218E-01
  4.33704829006965E-01  9.39288089775777E-01  8.42655780898721E-01
  1.87496706213219E-01  8.28089283314792E-01  1.42096666793531E-01
  9.74846082822867E-02  6.70726202944185E-01  6.20410446853913E-01
  3.25492928474208E-01  5.69002505467055E-01  3.39387972240492E-01
  9.06767846229401E-01  9.39202669207105E-01  8.60785083726338E-01
  6.57267305911633E-01  8.14989681504819E-01  1.99343186216791E-01
  5.56243802890212E-01  6.83246002185271E-01  6.55073209766647E-01
  8.09199646174313E-01  5.73106883082572E-01  3.45985914117310E-01
  9.32058193366958E-02  6.44670195672963E-02  1.53824483210366E-01
  3.25913014242891E-01  1.71302261249801E-01  7.85890992611690E-01
  4.00141583069541E-01  3.27402448898732E-01  3.08382844849443E-01
  1.58412947730133E-01  4.02207359565532E-01  6.52352773178531E-01
  5.99723886542006E-01  9.65059618689417E-02  1.81722572810920E-01
  8.48809218754127E-01  1.68142040125719E-01  8.24331293151248E-01
  9.19555924118532E-01  3.33847894392884E-01  3.23375696482265E-01
  6.69580341454300E-01  4.25307614037521E-01  7.05325424632365E-01
  8.39704307014161E-02  5.48044672662852E-01  1.79392807254280E-01
  3.20566531560672E-01  6.65006565896170E-01  8.14021676676187E-01
  4.23008726988705E-01  8.45367830991466E-01  3.00547179013522E-01
  1.37456584811933E-01  8.98622706268389E-01  6.94985051533807E-01
  5.72114522246983E-01  5.85741874342388E-01  1.97821267514604E-01
  8.40964468690903E-01  6.74983018773476E-01  8.26581547403092E-01
  9.10109836696959E-01  8.27841167547223E-01  3.27810763190146E-01
  6.74861990736772E-01  9.33330968143772E-01  7.15825003403093E-01
  7.05607872041269E-02  3.47520641678379E-01  8.02087643064792E-01
  1.75846079148478E-01  1.54876791773452E-01  2.79104982542091E-01
  3.26264841152191E-01  3.50117851955825E-01  1.15982928834019E-01
  4.27635078648534E-01  9.66024247790942E-02  6.99127361569331E-01
  5.82607272252316E-01  3.53950169457076E-01  8.63343164951053E-01
  6.11727077040423E-01  1.51474004796154E-01  4.00123584411290E-01
  8.38152757870590E-01  4.19669633654143E-01  2.12129912749914E-01
  9.33804767158660E-01  1.43381241613389E-01  6.46467747557731E-01
  6.14432286183228E-02  8.14699049948868E-01  8.05906394656130E-01
  1.53260410096017E-01  6.48273951389577E-01  2.60442716643327E-01
  3.43799179910176E-01  9.15233181820041E-01  1.38592967031814E-01
  4.10107252003929E-01  5.88847194104425E-01  6.96520406866971E-01
  5.73671087642845E-01  8.51469868008795E-01  7.51314478854752E-01
  6.56638158689160E-01  6.59226749239064E-01  3.60741202175375E-01
  8.72475810005027E-01  9.27854522070887E-01  2.09432314438732E-01
  9.19905280919178E-01  6.45870812054753E-01  6.41882213868494E-01
  8.09067856645949E-02  1.46238858016291E-01  9.65963614090310E-01
  9.98199469546784E-01  7.00573361074606E-02  3.14242807369941E-01
  1.82423244666519E-01  9.83804596201712E-01  2.53618988673794E-01
  3.95848393012290E-01  4.20523487850263E-01  4.72435066245898E-01
  3.64956850596478E-01  2.22199532667371E-01  4.15278871131241E-01
  5.15085922966263E-01  3.11079184139771E-01  2.29948379327495E-01
  3.16374710532506E-01  1.24828214273290E-01  9.71279254716743E-03
  4.16369044329709E-01  2.68246795483326E-01  7.80831144412474E-01
  2.49910278900930E-01  9.63647909353927E-02  6.25332014488758E-01
  2.59392801598758E-01  4.43073210653569E-01  7.73328956832738E-01
  1.83124789261065E-01  3.29197959500260E-01  4.60478656747271E-01
  1.08031159199958E-01  5.01740559141650E-01  5.63974392314833E-01
  9.66090328744836E-03  4.03769976929884E-01  1.50454561607576E-01
  9.21015569495002E-01  3.78384151783468E-01  5.49161456671741E-01
  8.22897979920994E-01  2.44229667678817E-01  3.08741716505645E-01
  4.81914271839744E-01  5.92879760125060E-02  1.35449991431207E-01
  6.40627109458244E-01  1.84176791745628E-01  1.02242349123878E+00
  6.79680247559935E-01  1.00783458024524E+00  1.91678396901222E-01
  7.53617414412767E-01  3.88252295278159E-01  8.87289128542450E-01
  6.52033287191084E-01  3.46096116169655E-01  5.16505652043144E-01
  5.84357023670216E-01  5.14392355962788E-01  7.06392545547760E-01
  8.48665147358914E-01  8.71280951866098E-02  1.36258666748867E-02
  8.91191982530104E-01  2.70956844101214E-01  9.33139663761407E-01
  7.44149258492506E-01  1.93213051566235E-01  7.09436608659590E-01
  3.28637435412750E-01  5.97901687758515E-01  1.96575099497176E-02
  3.97694918374853E-01  7.65459320408707E-01  8.07968709479275E-01
  2.52013807884464E-01  6.35139034301438E-01  5.92525922162720E-01
  1.80875168318934E-01  4.70911412994578E-01  1.98548375605670E-01
  5.30147680081009E-02  5.64903758197434E-01  9.41466591458810E-01
  9.81245329602931E-01  5.66734620075450E-01  3.18612767582804E-01
  4.00700926412693E-01  9.26494531501186E-01  4.88378807784247E-01
  3.38378793864362E-01  7.50096951189507E-01  2.88739817721438E-01
  5.11517475409939E-01  8.71182609799455E-01  1.08034831548752E-01
  7.19426253290650E-02 -4.04616793795069E-03  6.39411308736424E-01
  2.40388039313873E-01  9.18552310959140E-01  8.31834879865599E-01
  1.69705630661256E-01  8.30581939551856E-01  4.98003481051937E-01
  6.64586851279149E-01  5.00348597403731E-01  2.08306723815906E-01
  4.84494383422589E-01  6.15407068779813E-01  3.73246028072631E-01
  5.82566018154610E-01  6.70962447399051E-01  1.01788730782907E+00
  8.36964283191985E-01  5.84710177382362E-01 -4.98426245997537E-03
  8.84909543370824E-01  7.75016731019059E-01  9.41559317451425E-01
  7.29467026771486E-01  6.95463895198836E-01  7.36662640422891E-01
  6.03579466940547E-01  3.04122233333889E-02  7.70522815525509E-01
  7.39878476012955E-01  8.87281649188060E-01  9.08931908960977E-01
  6.97013001088548E-01  8.93831573746332E-01  4.81318802141337E-01
  2.19433073711899E-02  7.91805284404923E-01  2.62357455606422E-01
  9.14504855114118E-01  8.55806422690045E-01  5.65046245842247E-01
  8.20326012927959E-01  7.39808356762072E-01  2.95121481945095E-01
  5.99917978912924E-02 -3.75883803968111E-02  1.02438094393646E-02
  2.25960896989937E-01  2.50693017437656E-01  7.92362887307830E-01
  1.01644485955075E+00  2.56428337941582E-01  3.30943075626674E-01
  7.71284608940097E-01  5.01442482931301E-01  6.30676881451118E-01
  2.06607138622521E-01  7.15605950562788E-01  8.81782568278575E-01
  5.23376347858836E-01  7.93028665314738E-01  4.11369325533256E-01
  4.83395839144426E-01  4.99766744610718E-01  1.12839973520089E-01
  7.94942372670201E-01  1.01578234551773E+00  6.70472625818702E-01
