#input for non-centrosymmetric orthorhombic HfO2

ndtset    1
autoparal 1

#Crystal Def.

nsym      1
ntypat   3
natom    26
typat    4*1 4*2 18*3
znucl    57 42 8

rprim
  1.36301213334669E+01 -6.98727134757669E-01  3.55736683571720E-03
 -7.26959737247785E-01  1.35574492658917E+01  6.94546947870087E-03
  2.71831857040982E-03  7.16197028768157E-03  1.32979197132163E+01

xred    
8.3444077804E-01  8.9546773923E-01  8.7580480277E-01
                       3.7157697037E-01  6.8221393253E-01  1.3075141330E-01
                       1.2773988346E-01  3.1828026651E-01  6.2982066213E-01
                       6.6545309636E-01  1.0453938941E-01  3.7580576641E-01
                       2.0563475041E-01  2.0235732427E-01  1.6872197126E-01
                       6.1950904373E-01  3.1089684643E-01  8.3820378029E-01
                       8.8054001921E-01  6.8917045722E-01  3.3838463961E-01
                       2.9436773886E-01  7.9758451322E-01  6.6933675309E-01
                       2.8513933111E-01  4.0247344605E-01  3.1610697419E-01
                       8.0599275586E-01  1.9598875212E-01  6.8057757819E-01
                       6.9370680475E-01  8.0333357176E-01  1.8074688780E-01
                       2.1421472203E-01  5.9733323872E-01  8.1667652853E-01
                       1.0174731482E+00  1.3401463673E-01  3.3224884614E-01
                       4.6369927572E-01  2.4929341777E-01  6.3207185465E-01
                       3.6200906275E-02  7.5161654703E-01  1.3194086110E-01
                       4.8183517839E-01  8.6631556531E-01  8.3329642735E-01
                       3.5908783942E-01  1.0275287211E+00  1.9008220326E-01
                       1.4082716699E-01 -2.7522676858E-02  6.8875231907E-01
                       7.2954120080E-01  5.4024618112E-01  8.3562359995E-01
                       7.7143354743E-01  4.5943591292E-01  3.3638627058E-01
                       7.2899436256E-02  1.9809493512E-01  9.5630508694E-01
                       7.9997437656E-01  8.3865117313E-01  5.2606752800E-01
                       4.2801034573E-01  8.0120994875E-01  4.5746489057E-01
                       7.0008708597E-01  1.6114333546E-01  2.6003917344E-02
                       4.1588484157E-01  3.5569427355E-01  9.9163366329E-01
                       1.0847297564E+00  6.4463855141E-01  4.9118477417E-01
          


ngfft          72      75      75
kptopt   1
ngkpt    2 2 2
nshiftk 1
shiftk 
0.5 0.5 0.5

ecut       30
pawecutdg  30
pawxcdev   0
ixc      -116133
nband    104
diemac   4

ecutsm  0.5
nstep    100
iscf     7
tolvrs   1.0E-20
ionmov   2
optcell  2
dilatmx  1.04
tolmxf   1e-8
ntime    150
strtarget 1.69946e-05 5*0.0 



# Printing flags
prtden    1
prteig    0
prtwf     1
prtposcar 0
prtcif    1
