#input for non-centrosymmetric orthorhombic HfO2

ndtset    1

autoparal 1

#Crystal Def.
ntypat   3
natom    104
typat    16*1 16*2 72*3
znucl    57 42 8
#acell 2*14.3094  7.1547 Angstrom


rprim
  2.70461438551875E+01 -3.93100338710266E-01 -1.50015676053783E-02
 -3.90337021062005E-01  2.72765932982285E+01  2.54733810582832E-01
 -1.03178851594515E-02  1.26076757224557E-01  1.35755958170111E+01


nsym 1


xred   
  4.32261094775393E-01  4.35400418747978E-01  8.26895665051171E-01
  1.50257808167206E-01  3.03399975925723E-01  1.33331253937921E-01
  1.03997503535541E-01  1.77605890478533E-01  6.23624074950548E-01
  3.12923025395266E-01  6.48285715656637E-02  3.42091621508331E-01
  9.07949806776767E-01  4.38963868728242E-01  8.79557423672176E-01
  6.85859657395205E-01  3.35507079909042E-01  1.72641571249947E-01
  5.65851359138173E-01  1.88590842218242E-01  6.59296207862340E-01
  8.24249360123747E-01  7.83611752831690E-02  3.67703016890620E-01
  4.26670332599324E-01  9.41450020304898E-01  8.34996576886614E-01
  1.88503822185773E-01  8.27006334442532E-01  1.34213077393104E-01
  9.79217144454315E-02  6.73219436026679E-01  6.43707911378054E-01
  3.28655712386965E-01  5.76522206349100E-01  3.45789037633721E-01
  8.94057561153097E-01  9.32417099470744E-01  8.55388043112626E-01
  6.46006953336395E-01  8.15294809038089E-01  1.70309698428356E-01
  5.64246465300697E-01  6.82299983284341E-01  6.40898545513268E-01
  8.10752772637497E-01  5.64127942245478E-01  3.57715806473554E-01
  8.09456404698826E-02  7.27055305258895E-02  1.57976730415676E-01
  3.33831572637184E-01  1.73861006463600E-01  8.00604088308124E-01
  4.03766496515743E-01  3.33868474296808E-01  3.08550933322341E-01
  1.64303511225990E-01  4.09843149343595E-01  6.58391062643217E-01
  5.96576963374000E-01  8.71592632146367E-02  2.05351553526104E-01
  8.47027787197229E-01  1.66695509043311E-01  8.21560123486685E-01
  9.27294566171482E-01  3.41370512030020E-01  3.32731966335414E-01
  6.68962714580458E-01  4.19078793513753E-01  7.10968432275396E-01
  8.81322665677566E-02  5.59647728899101E-01  1.76768431550215E-01
  3.22609790982097E-01  6.66553367218539E-01  8.14365042480825E-01
  4.14513627104390E-01  8.51324503597696E-01  3.02743006916118E-01
  1.43034744595958E-01  9.02229788973750E-01  6.81831328530104E-01
  5.75139458489923E-01  5.82601022037548E-01  1.92293598319974E-01
  8.40912189419092E-01  6.67995181694941E-01  8.22789604094956E-01
  9.14124926212895E-01  8.25500092699300E-01  3.28123080946796E-01
  6.69186479580055E-01  9.17616864048554E-01  6.85595781565398E-01
  7.94581583078254E-02  3.51357435578194E-01  8.04488692854246E-01
  1.69912167482975E-01  1.55427030294157E-01  2.94916117981823E-01
  3.37247305700011E-01  3.66141062715375E-01  1.10118811869827E-01
  4.26664802093870E-01  9.40915519247002E-02  6.84523559072772E-01
  5.85722367052724E-01  3.45193155854764E-01  8.63918976850910E-01
  6.63091666960768E-01  1.72466584894706E-01  3.31462752078988E-01
  8.36928544508187E-01  4.19245045245057E-01  2.08860517056165E-01
  9.29663529582367E-01  1.18335571589523E-01  6.67062836939822E-01
  7.03337972672093E-02  8.32542349088817E-01  8.31182856837620E-01
  1.52450179919782E-01  6.58332062876025E-01  2.61327594798361E-01
  3.38319568062568E-01  9.22701647460309E-01  1.37964682169852E-01
  4.13368680072479E-01  5.94778283505285E-01  6.94014860904157E-01
  5.67681163308814E-01  8.47503814511707E-01  7.77684100244608E-01
  6.58053096070536E-01  6.56335114283516E-01  3.47337795470207E-01
  8.63034920529957E-01  9.24225163081453E-01  2.17999494166410E-01
  9.21288184912475E-01  6.32896431574652E-01  6.46708551090182E-01
  8.14462247921427E-02  1.65149934578215E-01  9.78530808181292E-01
  9.90058644890595E-01  8.46586401877939E-02  3.21859686167927E-01
  1.70189052504118E-01  9.85778611392638E-01  2.20428399893125E-01
  3.96158297250257E-01  4.24278301100139E-01  4.76688649841267E-01
  3.53643330662918E-01  2.30107402899720E-01  3.94869742856169E-01
  5.19568824633509E-01  3.04702413021928E-01  2.55504250370585E-01
  3.44016695066641E-01  1.16127545461968E-01  1.80629518387643E-02
  4.24534225271869E-01  2.65363047640223E-01  7.61063025951276E-01
  2.51966994633917E-01  1.10555331670250E-01  6.42131223311895E-01
  2.62778937435859E-01  4.52113252942004E-01  7.79081077957818E-01
  1.96276807281401E-01  3.32331425772392E-01  4.83160549947816E-01
  1.12716199791074E-01  5.09613271625968E-01  5.61573686285135E-01
  5.81810070632563E-03  3.93044149988423E-01  1.36908637718137E-01
  9.19173855840459E-01  3.98577130516965E-01  5.46194552211765E-01
  8.42608347873923E-01  2.46254594852979E-01  3.14084638424032E-01
  4.87969475160358E-01  7.54248102127328E-02  3.15482686471930E-01
  5.86013894115927E-01  1.28374808413664E-01  9.73791690321184E-01
  6.71578959150256E-01  9.92142155296072E-01  2.25598428585729E-01
  7.54403311878916E-01  3.75827838877384E-01  8.87700670797223E-01
  6.59357341812996E-01  3.46904195188375E-01  5.13882283574077E-01
  5.82530008108757E-01  5.09348531633809E-01  7.07906996313148E-01
  8.29355610705804E-01  8.86912185875626E-02  1.44542799197660E-02
  8.96525611563422E-01  2.70327265825742E-01  9.00808542455989E-01
  7.41769799119180E-01  1.84743782406070E-01  6.99602593262381E-01
  3.33229637284889E-01  5.98216703191544E-01  2.17767553076948E-02
  3.89183741824038E-01  7.71182210680595E-01  8.20210900666407E-01
  2.53772581495908E-01  6.41364286111266E-01  5.92656547177691E-01
  1.77228762330361E-01  4.75071924209463E-01  1.99768955077016E-01
  5.61290191452927E-02  5.75247548478220E-01  9.37548102561017E-01
  9.83025094493970E-01  5.60176444127288E-01  3.04393390308775E-01
  3.80585006791881E-01  9.20996502831797E-01  4.95334933629302E-01
  3.35692285904741E-01  7.53493683745708E-01  2.72905579350378E-01
  5.06410282779028E-01  8.92463611680144E-01  1.21109318095483E-01
  8.86803707233256E-02  5.25798918068092E-03  6.16106123182065E-01
  2.45726609944538E-01  9.24327488699485E-01  8.12495369622255E-01
  1.66599060773056E-01  8.26099117662054E-01  4.94323761687440E-01
  6.68466694322329E-01  4.96196428905815E-01  2.09875665981661E-01
  4.88120879891471E-01  6.11394798709433E-01  3.66743011818717E-01
  5.80842930971653E-01  6.67973701187117E-01  1.00730084964996E+00
  8.34568621780783E-01  5.81799011796282E-01  2.79790658456588E-03
  8.85124013367121E-01  7.67959029094203E-01  9.29789517068053E-01
  7.30876749915478E-01  6.92463034415979E-01  7.31253812338285E-01
  6.02414533131458E-01  1.96681666745481E-02  6.49722217594857E-01
  7.31469873678296E-01  8.86678486249629E-01  9.06219465188404E-01
  6.87838449430456E-01  8.48974469888013E-01  4.87638973897392E-01
  2.26283712459200E-02  8.01105280373472E-01  2.29717997112260E-01
  9.33870071149453E-01  8.49614760634009E-01  5.64868428520634E-01
  8.35607767071020E-01  7.29781944325216E-01  3.06657690979935E-01
  2.62341727544077E-02 -9.10358708880253E-03  3.30907657029700E-03
  2.38973870705559E-01  2.52978243340131E-01  8.42004254478808E-01
  1.02830197651231E+00  2.71152784835710E-01  3.84868989215801E-01
  7.67018209532591E-01  5.02972713659825E-01  6.55840576617291E-01
  2.06047501279483E-01  7.14068166197338E-01  8.86519781728555E-01
  5.12062231164864E-01  7.91404741738564E-01  4.06230058528186E-01
  4.92232716982289E-01  4.94510186513913E-01  1.09876868216493E-01
  7.86833545061292E-01  9.89451721761421E-01  6.32388571539382E-01



kptopt   1
ngkpt    1 1 2
nshiftk 1
shiftk 
0.5 0.5 0.5

ecut       30
pawecutdg  30
pawxcdev   0
ixc      -116133
#There are 416 occupied bands
nband    420
diemac   4
ecutsm   0.5

# First SCF run       
#irdwfk1   1
nstep    100
iscf     7
tolvrs   1.0E-20
ionmov   2
optcell  0
dilatmx  1.04
tolmxf   1e-8
ntime    250

# Printing flags
prtden    1
prteig    0
prtwf     1
prtposcar 0
prtcif    0
