#input for non-centrosymmetric orthorhombic HfO2

ndtset    1

autoparal 1

#Crystal Def.
ntypat   3
natom    104
typat    16*1 16*2 72*3
znucl    57 42 8
#acell 2*14.3094  7.1547 Angstrom
nsym 1

rprim
  2.67623607116335E+01 -6.67219655215108E-01  9.22760323262449E-02
 -6.63824443413251E-01  2.72135058430564E+01 -8.63060290712661E-02
  4.00182763135049E-02 -4.23453280854848E-02  1.36599009128180E+01




kptopt   1
ngkpt    1 1 2
nshiftk 1
shiftk 
0.5 0.5 0.5

ecut       30
pawecutdg  30
pawxcdev   0
ixc      -116133
#There are 416 occupied bands
nband    420
diemac   4
ecutsm   0.5

# First SCF run       
#irdwfk1   1
nstep     100
iscf      7
tolvrs    1.0E-20
ionmov    2
optcell   2
dilatmx   1.04
tolmxf    1e-8
ntime     250
strtarget 2*0.0 1.69946e-05 3*0.0

# Printing flags
prtden    1
prteig    0
prtwf     1
prtposcar 0
prtcif    0




xred  4.29909311040156E-01  4.37325153956317E-01  8.29887409345269E-01
  1.46952797448328E-01  3.01659821906755E-01  1.14740568800355E-01
  1.04661510281362E-01  1.69180370863892E-01  5.94561218666181E-01
  3.23441250088894E-01  6.01228505363745E-02  3.28486254343324E-01
  9.13037204694993E-01  4.36939305727397E-01  8.79165087941684E-01
  6.84553279485773E-01  3.37032457251564E-01  1.69902680569934E-01
  5.67149851434058E-01  2.00313398029763E-01  7.10818098194970E-01
  8.30398046091752E-01  7.49077970063052E-02  3.72479599435761E-01
  4.32900986227191E-01  9.38951145592010E-01  8.42335604429433E-01
  1.88268187601090E-01  8.26356780328821E-01  1.41253781637039E-01
  9.72969518028814E-02  6.70547764856542E-01  6.13439583880456E-01
  3.25573209547304E-01  5.69263620046738E-01  3.33432805880337E-01
  9.06922804979268E-01  9.38934198354910E-01  8.60155848977858E-01
  6.58296288637494E-01  8.16553432301088E-01  2.00158913946244E-01
  5.56455394538356E-01  6.83635813996158E-01  6.53469697512027E-01
  8.09172866835559E-01  5.72518321196489E-01  3.47958041948357E-01
  9.18836665541683E-02  6.35719589390192E-02  1.54817355987951E-01
  3.25441081680009E-01  1.71114339827147E-01  7.86089138305013E-01
  4.01185218408746E-01  3.27761361464538E-01  3.08574149539840E-01
  1.58871822225965E-01  4.01436442568356E-01  6.54886256922045E-01
  5.99108009213154E-01  9.64670392288911E-02  1.82243177741520E-01
  8.48137059080567E-01  1.67340420398508E-01  8.23976325268248E-01
  9.19689712361332E-01  3.33541629671776E-01  3.25114563827016E-01
  6.70382254117591E-01  4.25460865608356E-01  7.06755460237845E-01
  8.34901895457851E-02  5.47327808449656E-01  1.79648220737401E-01
  3.19791128998867E-01  6.64514837059304E-01  8.09953687459774E-01
  4.23585975023491E-01  8.45685269668400E-01  2.98365666459662E-01
  1.38029946327891E-01  8.98316291384709E-01  6.94810211462530E-01
  5.72374882316491E-01  5.86258516579294E-01  1.98730239953018E-01
  8.40468111595685E-01  6.73915133171138E-01  8.27414060383778E-01
  9.10510660729108E-01  8.28469344745695E-01  3.27130354692377E-01
  6.74796143866641E-01  9.34313893439031E-01  7.15668673558361E-01
  7.04305585715642E-02  3.46802994091694E-01  8.03698313387144E-01
  1.75044071496238E-01  1.54306850683548E-01  2.80370853678314E-01
  3.27081472230612E-01  3.50113208429811E-01  1.17828839713423E-01
  4.27691115644666E-01  9.58993078540622E-02  7.02773449563151E-01
  5.82712608266329E-01  3.53775682207033E-01  8.62358695313668E-01
  6.14513643078127E-01  1.51012857238929E-01  3.99486355948578E-01
  8.38669177332066E-01  4.19514750418572E-01  2.13127281450688E-01
  9.33671506530301E-01  1.43476834688636E-01  6.46902785346029E-01
  5.95879319238691E-02  8.14294174242801E-01  7.99800697804049E-01
  1.54062536754245E-01  6.48473552173166E-01  2.58981715781224E-01
  3.43660091633396E-01  9.14977312292320E-01  1.37269916362811E-01
  4.11280972066572E-01  5.88964590288394E-01  6.96114924897570E-01
  5.73221738237465E-01  8.51889372225347E-01  7.47088705446151E-01
  6.57017351085313E-01  6.59812061789291E-01  3.61136365931729E-01
  8.71171405829761E-01  9.27270553778832E-01  2.05880541343500E-01
  9.20471200173945E-01  6.45201111861822E-01  6.45145100039959E-01
  8.09390230533394E-02  1.46133232262256E-01  9.69063498752458E-01
  9.96733225225043E-01  6.89169295405312E-02  3.14582609466873E-01
  1.81236897289190E-01  9.82298088395046E-01  2.52142354143701E-01
  3.96252267536082E-01  4.21119481020439E-01  4.71796501611368E-01
  3.66295221849458E-01  2.21876982636887E-01  4.15293576849409E-01
  5.16504197083797E-01  3.11419283110250E-01  2.31340231249921E-01
  3.15118861276793E-01  1.24901116630594E-01  8.68382094679991E-03
  4.15787379317633E-01  2.68742925624968E-01  7.79710288079896E-01
  2.50280111525810E-01  9.60518624173453E-02  6.24909574953751E-01
  2.59709724511534E-01  4.43230690099322E-01  7.74537581000924E-01
  1.83110928873481E-01  3.28848998350843E-01  4.62498198035826E-01
  1.07505223100878E-01  5.01163604373976E-01  5.67647820873242E-01
  1.01470564966928E-02  4.04562367997883E-01  1.52171507288190E-01
  9.20716340255270E-01  3.78314828781551E-01  5.49128484937549E-01
  8.23338758326382E-01  2.43067164930655E-01  3.09928359700040E-01
  4.80668416871316E-01  6.00722979761219E-02  1.40383278400514E-01
  6.38987380916317E-01  1.84138930804601E-01  1.02240840489234E+00
  6.78361524676727E-01  1.00630545213639E+00  1.87518047146317E-01
  7.53705903382330E-01  3.88755738649848E-01  8.89130428753066E-01
  6.53650117908874E-01  3.46548643196008E-01  5.17816549779824E-01
  5.85083210014822E-01  5.15129174684936E-01  7.06885704845082E-01
  8.48163037705805E-01  8.66069483107128E-02  1.32687461409301E-02
  8.91055982237597E-01  2.70474583381957E-01  9.33633362287460E-01
  7.43425415066905E-01  1.94754908682538E-01  7.12485456615666E-01
  3.27526212445684E-01  5.97407149073496E-01  1.49329524759261E-02
  3.96563208323374E-01  7.66156194778006E-01  8.04816267095064E-01
  2.52643389410509E-01  6.33962048488157E-01  5.89435856929271E-01
  1.81385380305808E-01  4.70580055843668E-01  1.99914046146487E-01
  5.22944554713378E-02  5.64413345795514E-01  9.44694660351724E-01
  9.82240969684656E-01  5.68167317813033E-01  3.21834518707181E-01
  4.00353868716345E-01  9.27069513763513E-01  4.84615446475807E-01
  3.39170164801768E-01  7.49278303818066E-01  2.87145984953016E-01
  5.11823267451771E-01  8.71154673179247E-01  1.06081216550752E-01
  7.26326884536901E-02 -3.37985917185055E-03  6.41197853440376E-01
  2.39871130452631E-01  9.17755800527793E-01  8.34075124467689E-01
  1.71395442374434E-01  8.31104404128164E-01  4.98322574875477E-01
  6.64516278764108E-01  4.99933277838076E-01  2.09762841934282E-01
  4.84585234753388E-01  6.16026937762733E-01  3.73115316166868E-01
  5.83785742180047E-01  6.71679880820497E-01  1.01990619655585E+00
  8.36214774228008E-01  5.84075695353092E-01 -3.30459527443475E-03
  8.84342847927353E-01  7.74629749103783E-01  9.41920038301963E-01
  7.29494215086862E-01  6.95310005522008E-01  7.36352064403534E-01
  6.03353131951938E-01  3.14494240003662E-02  7.72930641925107E-01
  7.39298995754659E-01  8.86733945039239E-01  9.05968025282344E-01
  6.98184899592029E-01  8.97721939757143E-01  4.80781966260993E-01
  2.28162005264285E-02  7.91824019602011E-01  2.64850935101822E-01
  9.13409891895728E-01  8.59050654961105E-01  5.61354619019150E-01
  8.21201411835991E-01  7.39371353368831E-01  2.96459024413662E-01
  5.86395211448910E-02 -3.88031461685740E-02  1.15226790490048E-02
  2.25398123022451E-01  2.51203768566742E-01  7.91727446872336E-01
  1.01707849950585E+00  2.56490229034079E-01  3.31246728372255E-01
  7.72377313080542E-01  5.02451663598231E-01  6.33744088718441E-01
  2.05540157901085E-01  7.15299891475751E-01  8.76521575956824E-01
  5.24341315950951E-01  7.94297470452714E-01  4.09266369074465E-01
  4.83024937662556E-01  5.00374087561494E-01  1.13208971489651E-01
  7.94696941251549E-01  1.01825337186642E+00  6.74246897169319E-01
