#input for non-centrosymmetric orthorhombic HfO2

ndtset    1

autoparal 1

#Crystal Def.
ntypat   3
natom    104
typat    16*1 16*2 72*3
znucl    57 42 8
#acell 2*14.3094  7.1547 Angstrom
nsym 1

rprim
  2.68337727174409E+01 -6.59714851585547E-01  2.41536991957053E-02
 -6.56034139433759E-01  2.72854951182165E+01 -6.25194617602235E-02
  6.30255557915481E-03 -3.19043995100891E-02  1.34848088224270E+01




kptopt   1
ngkpt    1 1 2
nshiftk 1
shiftk 
0.5 0.5 0.5

ecut       30
pawecutdg  30
pawxcdev   0
ixc      -116133
#There are 416 occupied bands
nband    420
diemac   4
ecutsm   0.5

# First SCF run       
#irdwfk1   1
nstep     100
iscf      7
tolvrs    1.0E-20
ionmov    2
optcell   2
dilatmx   1.04
tolmxf    1e-8
ntime     250
strtarget 2*0.0 -1.69946e-05 3*0.0

# Printing flags
prtden    1
prteig    0
prtwf     1
prtposcar 0
prtcif    0



xred  4.28649027772632E-01  4.37731552243237E-01  8.29623300442420E-01
  1.47100989873160E-01  3.02750185143219E-01  1.11764238233958E-01
  1.04324796337172E-01  1.68786817174101E-01  5.94389616410822E-01
  3.25367159641459E-01  5.99914982155913E-02  3.32790282995243E-01
  9.11660408937370E-01  4.39148056775480E-01  8.77573197013409E-01
  6.82785916240451E-01  3.37434742973423E-01  1.71337763985436E-01
  5.67575913386719E-01  2.00822488522046E-01  7.08495170354672E-01
  8.30470169091368E-01  7.67708429352112E-02  3.72358104452840E-01
  4.32878049778162E-01  9.39557675519358E-01  8.41152000565218E-01
  1.85413841045948E-01  8.28286229252387E-01  1.42054968738391E-01
  9.57636442842603E-02  6.70925180662701E-01  6.10776489606251E-01
  3.24394133643438E-01  5.68870048452805E-01  3.40530295018198E-01
  9.07098703537987E-01  9.40898666912548E-01  8.61850097526440E-01
  6.56101651077178E-01  8.15266246257539E-01  1.96679171698035E-01
  5.55552905972033E-01  6.83231251669116E-01  6.54395561177725E-01
  8.09809843235187E-01  5.73587461015205E-01  3.47825347749472E-01
  9.32198948109074E-02  6.39129977653321E-02  1.54038075526477E-01
  3.26352966560176E-01  1.71640619811103E-01  7.82741135088558E-01
  4.00447050143928E-01  3.26652483361144E-01  3.08951520652212E-01
  1.58035987397003E-01  4.02203614934942E-01  6.50453254738613E-01
  6.01333645975018E-01  9.51815814465139E-02  1.81490270399619E-01
  8.49924049255230E-01  1.70197351230578E-01  8.26906691793207E-01
  9.19374345890853E-01  3.33856940557238E-01  3.22446865512344E-01
  6.69149417893948E-01  4.25341406435609E-01  7.07106465869425E-01
  8.32485848849217E-02  5.46637803027142E-01  1.78220936843854E-01
  3.20120964786211E-01  6.64934664828558E-01  8.14021071989766E-01
  4.22141304866227E-01  8.44671963083826E-01  2.99293525356159E-01
  1.36895884019653E-01  8.98655216270970E-01  6.94748628121917E-01
  5.72608086640841E-01  5.84656484008193E-01  1.98163253992935E-01
  8.41324904023897E-01  6.77353352192333E-01  8.28867424019815E-01
  9.08970907935562E-01  8.27217332734973E-01  3.29624444210475E-01
  6.74587546390165E-01  9.34690246510243E-01  7.16073952618091E-01
  7.06095968758966E-02  3.47431452590880E-01  8.01169568289611E-01
  1.75846264220567E-01  1.55116249559010E-01  2.76099273796587E-01
  3.28465127501410E-01  3.50531490596041E-01  1.13066822336448E-01
  4.27135416499795E-01  9.70813068999338E-02  6.89106125219062E-01
  5.82636489185916E-01  3.54159063211781E-01  8.65812761106592E-01
  6.22430997115322E-01  1.47355402118689E-01  4.02367668763164E-01
  8.39237584674083E-01  4.20329356441771E-01  2.11004102888677E-01
  9.33435358873293E-01  1.44654375612781E-01  6.46320396909010E-01
  6.18741281575393E-02  8.13001137470935E-01  8.03612226138404E-01
  1.53566627640992E-01  6.47329570323401E-01  2.60043178174279E-01
  3.43192106741133E-01  9.15252568596072E-01  1.37857919963976E-01
  4.08763478163551E-01  5.88924798913809E-01  6.89753022603077E-01
  5.74345330331313E-01  8.51852058387134E-01  7.51112629108837E-01
  6.56212166003683E-01  6.58851508764373E-01  3.62482257474530E-01
  8.74029235324049E-01  9.28611147223031E-01  2.10334171252797E-01
  9.18689421319936E-01  6.46821676119278E-01  6.42171407123481E-01
  8.02942241718225E-02  1.44251655622890E-01  9.62093132350807E-01
  9.98170967479385E-01  7.05281143330596E-02  3.13567585397240E-01
  1.82306243958987E-01  9.83694472489978E-01  2.57914363865638E-01
  3.97066680020847E-01  4.20771211530812E-01  4.71874269337901E-01
  3.58967776218605E-01  2.23567749996119E-01  4.18192799321754E-01
  5.15261125171107E-01  3.03641792246539E-01  2.38646173220596E-01
  3.19418751091653E-01  1.23994134178316E-01  7.13875922421593E-03
  4.17037568208805E-01  2.68693452699160E-01  7.78535531130250E-01
  2.48435708635339E-01  9.51232547713622E-02  6.26422316555396E-01
  2.58936761275453E-01  4.43800577312348E-01  7.71055419128200E-01
  1.82654398771726E-01  3.28672996168881E-01  4.58610486313390E-01
  1.07553247087481E-01  5.01632894137734E-01  5.59068532664456E-01
  1.08429614546969E-02  4.06821280393954E-01  1.51659157551576E-01
  9.21276415483578E-01  3.77987430696014E-01  5.49669398015973E-01
  8.22764217608000E-01  2.44297456827189E-01  3.09712959236153E-01
  4.82384049017050E-01  5.93386549835498E-02  1.45929040821383E-01
  6.38756662433730E-01  1.84315864057134E-01  1.02129728863120E+00
  6.79705485048629E-01  1.00492300385989E+00  1.79958182434228E-01
  7.53485901584761E-01  3.88074478574306E-01  8.89250513220732E-01
  6.51384494382428E-01  3.45148488381378E-01  5.18292807953493E-01
  5.84239650974391E-01  5.14964712659611E-01  7.06433045344725E-01
  8.49237205999073E-01  8.84183154473907E-02  1.65230707745181E-02
  8.93690177403897E-01  2.72679758756637E-01  9.38061462560558E-01
  7.45144990589397E-01  1.97003339927005E-01  7.15237538346765E-01
  3.32417186912656E-01  5.94939358033339E-01  1.70190807308984E-02
  3.97863481020534E-01  7.65382467547761E-01  8.06967414649524E-01
  2.50449498274691E-01  6.35690385145488E-01  5.92498208707261E-01
  1.82244633400968E-01  4.70860225476692E-01  1.95063296173901E-01
  5.23480311338706E-02  5.65325405371227E-01  9.39765654209116E-01
  9.81891602807164E-01  5.69521288465247E-01  3.19818267923997E-01
  3.99370783368660E-01  9.25015056546183E-01  4.89647886570050E-01
  3.38387171236675E-01  7.48693033048045E-01  2.87351688093418E-01
  5.10207634805754E-01  8.70616356154243E-01  1.05447962935977E-01
  6.92737144228620E-02 -4.63878891517242E-03  6.39954640141854E-01
  2.39442762852381E-01  9.18954081457308E-01  8.32725938018313E-01
  1.70350350098100E-01  8.30769435362986E-01  4.97385431378978E-01
  6.66647424116356E-01  5.00074417045003E-01  2.11376340910910E-01
  4.84050843730054E-01  6.15483120566966E-01  3.69227324338747E-01
  5.82113496786359E-01  6.69709219020487E-01  1.01612902786153E+00
  8.36641042181878E-01  5.85884455173499E-01 -3.85590357582856E-03
  8.87110881683570E-01  7.76625997397441E-01  9.46592795771474E-01
  7.29865270237871E-01  6.98569670577201E-01  7.39994419776097E-01
  6.02328777960086E-01  3.13380384426764E-02  7.73277999518244E-01
  7.40893457133692E-01  8.86800814716501E-01  9.06783513898489E-01
  6.96172203651735E-01  8.97987019993690E-01  4.78608767837628E-01
  2.09813898530256E-02  7.88755982769911E-01  2.72318620359057E-01
  9.10545061840049E-01  8.55262526472262E-01  5.68060751727280E-01
  8.17853342651169E-01  7.40603878900459E-01  2.94383644994838E-01
  6.13460451115391E-02 -4.06389441792636E-02  1.26653157328471E-02
  2.26407341909218E-01  2.51002412460273E-01  7.92224971085811E-01
  1.01665230865258E+00  2.56912382756587E-01  3.26757704058197E-01
  7.71068518755741E-01  5.01382638898861E-01  6.32426586520721E-01
  2.07768898338515E-01  7.14964625412429E-01  8.85466087126959E-01
  5.23553161259368E-01  7.93615331872306E-01  4.10593772648951E-01
  4.87524372828312E-01  4.94512621183872E-01  1.15356803324725E-01
  7.94061623002701E-01  1.01851423198889E+00  6.73765499367870E-01
