#input for non-centrosymmetric orthorhombic HfO2

ndtset    1

autoparal 1

#Crystal Def.
ntypat   3
natom    104
typat    16*1 16*2 72*3
znucl    57 42 8
#acell 2*14.3094  7.1547 Angstrom
nsym 1

rprim
  2.69500861260673E+01 -3.61410423450545E-01 -4.91282130513171E-01
 -3.53315209510166E-01  2.72026464118467E+01  2.01684200417029E-01
 -2.53299825089803E-01  9.19266858872278E-02  1.34952712615961E+01




kptopt   1
ngkpt    1 1 2
nshiftk 1
shiftk 
0.5 0.5 0.5

ecut       30
pawecutdg  30
pawxcdev   0
ixc      -116133
#There are 416 occupied bands
nband    420
diemac   4
ecutsm   0.5

# First SCF run       
#irdwfk1   1
nstep     100
iscf      7
tolvrs    1.0E-20
ionmov    2
optcell   2
dilatmx   1.04
tolmxf    1e-8
ntime     250
strtarget 4*0.0 -1.69946e-05 0.0

# Printing flags
prtden    1
prteig    0
prtwf     1
prtposcar 0
prtcif    0











xred  4.34318220785926E-01  4.43268855770969E-01  8.26873246113826E-01
  1.47896735573327E-01  3.02743823089354E-01  1.21122373975304E-01
  9.88824346239727E-02  1.66870825706700E-01  5.95285158150859E-01
  3.20263255085121E-01  6.50868173109278E-02  3.47157330606754E-01
  9.10218242543203E-01  4.44029742193163E-01  8.75093908041987E-01
  6.61190140511958E-01  3.46035926400944E-01  1.59003656563083E-01
  5.64569282212584E-01  2.01012842614388E-01  6.80370029295880E-01
  8.26953371920361E-01  7.95112610226956E-02  3.67597130211434E-01
  4.29001062311379E-01  9.34091681214586E-01  8.26049113041830E-01
  1.77033006068445E-01  8.30850952756381E-01  1.38981237624930E-01
  8.51695774802176E-02  6.69688177739701E-01  5.64025891063348E-01
  3.17261541594630E-01  5.76406312818028E-01  3.48181362472713E-01
  9.02704911322945E-01  9.42019526781757E-01  8.56562765642476E-01
  6.47440041273650E-01  8.15113734718220E-01  1.69941306032566E-01
  5.54584517683070E-01  6.83176407652541E-01  6.41908940433483E-01
  8.17845995457774E-01  5.76055262580650E-01  3.51480188966470E-01
  8.75542731622220E-02  6.22076515689916E-02  1.56561596363123E-01
  3.25913250529159E-01  1.76321000793387E-01  7.89479555520188E-01
  4.01127004515572E-01  3.26129324701485E-01  3.19152018393518E-01
  1.58178416859157E-01  4.02089292054566E-01  6.55308547035913E-01
  5.99133959247352E-01  9.87827719684273E-02  2.07567105768361E-01
  8.54817357292099E-01  1.80297357181027E-01  8.39799864129744E-01
  9.15317054744462E-01  3.32742921056068E-01  3.22570296328726E-01
  6.75702558406960E-01  4.26287747758851E-01  6.97185266680843E-01
  8.34396241909428E-02  5.38483102797366E-01  1.77300055094910E-01
  3.25890589158231E-01  6.63589423498966E-01  8.21317111937368E-01
  4.14946956282718E-01  8.47572968449477E-01  2.94198420200840E-01
  1.37644434918804E-01  8.94181957403203E-01  6.82758998441022E-01
  5.77985520254858E-01  5.79492552168081E-01  1.97162258885922E-01
  8.44558366730748E-01  6.81850254415477E-01  8.30511197093027E-01
  9.03998953460137E-01  8.26570597336734E-01  3.29587066333722E-01
  6.72215882925935E-01  9.30934907056918E-01  6.98760741400005E-01
  7.32759126007007E-02  3.61115470519908E-01  8.19364755628698E-01
  1.70145225022771E-01  1.53811114109099E-01  2.76556305786944E-01
  3.47977356016352E-01  3.53077892415712E-01  9.89305975097812E-02
  4.20907766345577E-01  9.88546644777803E-02  6.83313184022226E-01
  5.83447951875490E-01  3.50245952264338E-01  8.34501045360271E-01
  6.59925670254003E-01  1.52124589693708E-01  4.01787648507363E-01
  8.47770210520080E-01  4.25548858459470E-01  2.03733775987966E-01
  9.24329010678779E-01  1.49350364166132E-01  6.44923923484735E-01
  7.27449072549524E-02  8.06758269366463E-01  8.02238511451970E-01
  1.55843643196541E-01  6.41546803400219E-01  2.62555216537087E-01
  3.39654951829106E-01  9.21387388117225E-01  1.31583503237147E-01
  4.10234723571437E-01  5.90240980713608E-01  6.69220911315520E-01
  5.77041094394474E-01  8.47117368389536E-01  7.63785427934303E-01
  6.55534416975014E-01  6.57905148296231E-01  3.55844804800774E-01
  8.73207129434413E-01  9.31167628147974E-01  2.10267979397461E-01
  9.16551602435238E-01  6.46261137418535E-01  6.43694592828676E-01
  7.39488111948634E-02  1.40837515385627E-01  9.57301254007527E-01
  9.96641283788437E-01  7.20046993620516E-02  3.16516229099061E-01
  1.80455591087080E-01  9.83783857175757E-01  2.64703968538190E-01
  3.93046060407171E-01  4.24503343074821E-01  4.65423552901866E-01
  3.35049309473925E-01  2.33265784287602E-01  4.11292446255681E-01
  5.16852078367921E-01  2.80964962546866E-01  3.19960357253629E-01
  3.32726378010001E-01  1.30642521219720E-01  1.78631663031017E-02
  4.13084504025094E-01  2.71587430113224E-01  7.63409194571351E-01
  2.44445401520068E-01  9.86388343561427E-02  6.38156458891415E-01
  2.64318910444695E-01  4.41280007681128E-01  7.60267058955200E-01
  1.69586504527869E-01  3.23108720597825E-01  4.69782830058146E-01
  1.10740962266090E-01  5.02137420572820E-01  5.46352018053218E-01
  1.74434916386091E-02  4.14979064264150E-01  1.68653618815653E-01
  9.20296989015713E-01  3.70794232031605E-01  5.54161846464224E-01
  8.20545652319029E-01  2.46702967094271E-01  3.00139407411989E-01
  4.85836138161680E-01  6.08765559586317E-02  2.61886043797413E-01
  5.99082482355585E-01  1.80854883737867E-01  1.01829767988339E+00
  6.72946028196096E-01  1.00640646928567E+00  1.64708355983439E-01
  7.51924887038263E-01  3.91095230313810E-01  9.00818560631400E-01
  6.68035147279539E-01  3.48883678870704E-01  5.07032880224814E-01
  5.90150075209936E-01  5.16475404656441E-01  6.89231042321542E-01
  8.54327096857078E-01  9.03643565732495E-02  1.38142742275545E-02
  9.05467120237656E-01  2.79350365151762E-01  9.50086077588548E-01
  7.41118919208001E-01  2.05008161255056E-01  7.63161418736974E-01
  3.54786029430812E-01  5.82332414441381E-01  1.02885428801467E-02
  4.05669473713022E-01  7.61254040902884E-01  7.97930427476635E-01
  2.44317493423957E-01  6.39841237069174E-01  6.14041692231418E-01
  1.91365288595322E-01  4.69623240020843E-01  1.93582170795507E-01
  5.23435431785248E-02  5.64383118206044E-01  9.40714638855208E-01
  9.87554417957627E-01  5.79524335985941E-01  3.20163070905196E-01
  3.89567188725260E-01  9.19049394888013E-01  4.92655672421252E-01
  3.34883593959081E-01  7.50518002256515E-01  2.83440728782763E-01
  5.03221363805866E-01  8.77442194289519E-01  1.02029452981045E-01
  6.45204876970177E-02 -8.93279972207015E-03  6.39501604180106E-01
  2.39519857769822E-01  9.18609676655814E-01  8.21872261913170E-01
  1.68909348286991E-01  8.27438761055216E-01  4.86662015882305E-01
  6.82812063259213E-01  5.02149124560491E-01  2.30121696815701E-01
  4.83575150673210E-01  6.04598829256695E-01  3.44696250208389E-01
  5.78704641142029E-01  6.59715229505355E-01  1.00344030825369E+00
  8.40713063605914E-01  5.90138634808784E-01 -1.02725748610019E-03
  8.94410747586425E-01  7.79016578265866E-01  9.47253665360681E-01
  7.31211038101164E-01  7.04128498543369E-01  7.44450932156549E-01
  5.97430798433354E-01  2.84730327831685E-02  7.23954578574987E-01
  7.42513237565428E-01  8.89266340836024E-01  9.02943238917022E-01
  6.86199530940428E-01  8.86839328220554E-01  4.68658895778784E-01
  1.61824512818223E-02  7.83129019696182E-01  2.87281287636416E-01
  9.05235590194481E-01  8.49870423221481E-01  5.69437833919388E-01
  8.12757410386941E-01  7.43377396573697E-01  2.81418875492464E-01
  5.47868353533720E-02 -4.50388875956949E-02  2.56532052867863E-02
  2.21810712706660E-01  2.51920936570768E-01  8.05389439082634E-01
  1.01395636522545E+00  2.56283061872981E-01  3.14820315857231E-01
  7.79321983345785E-01  5.00837971313368E-01  6.38025845712667E-01
  2.31335410488692E-01  7.19300886532814E-01  9.30371636642244E-01
  5.19510914031790E-01  7.91599514043773E-01  3.96050487130698E-01
  5.22417492399675E-01  4.66886370170738E-01  1.16810360035170E-01
  7.88038542623102E-01  1.01186801864056E+00  6.53190462773731E-01
