#input for non-centrosymmetric orthorhombic HfO2

ndtset    1

autoparal 1

#Crystal Def.
ntypat   3
natom    104
typat    16*1 16*2 72*3
znucl    57 42 8
#acell 2*14.3094  7.1547 Angstrom
nsym 1

rprim
  2.69245165990040E+01 -6.69944307262866E-01  6.93522601430691E-02
 -6.69902903589009E-01  2.72382540084211E+01 -7.12177838133015E-02
  2.89904384834124E-02 -3.54283324981585E-02  1.35544703482534E+01




kptopt   1
ngkpt    1 1 2
nshiftk 1
shiftk 
0.5 0.5 0.5

ecut       30
pawecutdg  30
pawxcdev   0
ixc      -116133
#There are 416 occupied bands
nband    420
diemac   4
ecutsm   0.5

# First SCF run       
#irdwfk1   1
nstep     100
iscf      7
tolvrs    1.0E-20
ionmov    2
optcell   2
dilatmx   1.04
tolmxf    1e-8
ntime     250
strtarget 1.69946e-05 5*0.0

# Printing flags
prtden    1
prteig    0
prtwf     1
prtposcar 0
prtcif    0



xred  4.29203194562736E-01  4.37122492001144E-01  8.29692060829815E-01
  1.46918697586656E-01  3.02146790441394E-01  1.14422591349967E-01
  1.04611226330925E-01  1.69224444288460E-01  5.96511601302499E-01
  3.23700800552297E-01  6.00124807080863E-02  3.29864071394357E-01
  9.12089833119158E-01  4.37442668393738E-01  8.78894773316976E-01
  6.84207067386148E-01  3.37229263270801E-01  1.70160708264901E-01
  5.66751754807088E-01  2.00261473542139E-01  7.12026293519582E-01
  8.31902564830490E-01  7.63482332315941E-02  3.70571255010408E-01
  4.33520741988044E-01  9.39337630203268E-01  8.43058174410953E-01
  1.87695193239936E-01  8.26458179841099E-01  1.43740277465637E-01
  9.74723263644943E-02  6.69779375858118E-01  6.21727977734376E-01
  3.26303663847379E-01  5.69188852618084E-01  3.39640499038114E-01
  9.06417168400172E-01  9.39710590810768E-01  8.59811467142934E-01
  6.56734590694969E-01  8.15697667969283E-01  1.99404945532879E-01
  5.56748801033823E-01  6.83118801457063E-01  6.54344384943720E-01
  8.09625375349195E-01  5.72872109975187E-01  3.46178163132348E-01
  9.25954390589509E-02  6.41417786124608E-02  1.54129387550881E-01
  3.25829027828396E-01  1.71817687443175E-01  7.85244974204291E-01
  4.01520899281336E-01  3.27584541398383E-01  3.07392545553253E-01
  1.59094867211882E-01  4.01901005069468E-01  6.52757552329411E-01
  5.99187330484924E-01  9.61624814093847E-02  1.82447661626635E-01
  8.47656630389177E-01  1.67666435071626E-01  8.22912941047997E-01
  9.20108434552724E-01  3.34024874905523E-01  3.23679847095519E-01
  6.69259018755987E-01  4.25488316261892E-01  7.06444411008778E-01
  8.37509287350107E-02  5.48365060259738E-01  1.78744492324999E-01
  3.20578025121308E-01  6.64455554485808E-01  8.13197419491910E-01
  4.22965782732462E-01  8.45317659481132E-01  3.00727484213142E-01
  1.37177825847326E-01  8.98413783803410E-01  6.96902707572349E-01
  5.72912593944216E-01  5.85532158506242E-01  1.97759317160953E-01
  8.40652184430377E-01  6.74850677288842E-01  8.24995292515410E-01
  9.10279459483703E-01  8.27850310874404E-01  3.26568162522560E-01
  6.74660386533212E-01  9.33364235089910E-01  7.17180577520016E-01
  7.11662960243837E-02  3.46592434894908E-01  8.01265935322164E-01
  1.75078209019515E-01  1.54803320788030E-01  2.80089720199165E-01
  3.27864481957381E-01  3.51371076302577E-01  1.15740501849060E-01
  4.27165764870869E-01  9.64125680414017E-02  6.99979356555827E-01
  5.82947290598383E-01  3.53671962639635E-01  8.64421478208614E-01
  6.12923670906024E-01  1.51428088841088E-01  4.00486054100465E-01
  8.38844405276676E-01  4.19643905029090E-01  2.10762566356884E-01
  9.33299909829925E-01  1.42397979152237E-01  6.46947193895552E-01
  6.14720557871425E-02  8.13384421852621E-01  8.06213867229793E-01
  1.52952025967534E-01  6.49166070608132E-01  2.59788599887459E-01
  3.43675694460005E-01  9.15010279900443E-01  1.38753942242745E-01
  4.09793481951318E-01  5.89072794393162E-01  6.92620306191432E-01
  5.73862520877628E-01  8.51155347968142E-01  7.53051413004395E-01
  6.56613532391107E-01  6.59754535658200E-01  3.61007914107974E-01
  8.72580263396253E-01  9.28112639975396E-01  2.07355430863478E-01
  9.19616196355322E-01  6.45386518357619E-01  6.41014906167217E-01
  8.14166947857686E-02  1.46981803945824E-01  9.66612282708328E-01
  9.97753037424280E-01  6.98021603955668E-02  3.13699946247956E-01
  1.81542969505046E-01  9.82976768770353E-01  2.52442848416601E-01
  3.97243009135055E-01  4.20897757320452E-01  4.72033929452878E-01
  3.64780949057588E-01  2.22233357469631E-01  4.14441336638316E-01
  5.15911538440314E-01  3.09687835356601E-01  2.30547939910360E-01
  3.16253185538436E-01  1.25563010236192E-01  9.53623528454830E-03
  4.16344605915389E-01  2.68996131481800E-01  7.79200957076842E-01
  2.49908443685673E-01  9.64145449370832E-02  6.25627502426838E-01
  2.59501262312068E-01  4.44118082995314E-01  7.72548732247964E-01
  1.83790940131754E-01  3.29056680056926E-01  4.60287361450180E-01
  1.08140983890596E-01  5.01451629884096E-01  5.63404638352847E-01
  9.72182926524858E-03  4.03877580811999E-01  1.49556943671186E-01
  9.20559968655582E-01  3.79839065929040E-01  5.48648702043945E-01
  8.24083362745365E-01  2.43719265778379E-01  3.09213599795388E-01
  4.81407275078873E-01  6.01940229536656E-02  1.37967017686153E-01
  6.40539222381928E-01  1.83698383643017E-01  1.02229821634321E+00
  6.77965375335232E-01  1.00617152260480E+00  1.91376246385168E-01
  7.53345924349032E-01  3.88453717571773E-01  8.87589220159689E-01
  6.51968582299753E-01  3.46049128582762E-01  5.17252006288360E-01
  5.83964274765504E-01  5.14786475912098E-01  7.07356112613988E-01
  8.47179242465957E-01  8.69003770012698E-02  1.38127781610831E-02
  8.90723239071852E-01  2.70786505474263E-01  9.31992465971212E-01
  7.43793708117695E-01  1.94275679441606E-01  7.08960602359161E-01
  3.30436843315074E-01  5.95913583546143E-01  1.76697868854677E-02
  3.96854452320274E-01  7.65847181821993E-01  8.08172872933294E-01
  2.51927492768443E-01  6.35269914075220E-01  5.91892339562731E-01
  1.80416221467882E-01  4.71010300812948E-01  1.97754461542197E-01
  5.29568115382563E-02  5.65552622189123E-01  9.40826170561167E-01
  9.81652628528102E-01  5.67161287569637E-01  3.18023440410443E-01
  4.00048603728212E-01  9.26657568903559E-01  4.88400615717480E-01
  3.39129555019244E-01  7.48970553584331E-01  2.89186381836967E-01
  5.10902927581932E-01  8.71339054326148E-01  1.08169014787525E-01
  7.20850374190253E-02 -3.75179237516385E-03  6.39758604986963E-01
  2.39234911990355E-01  9.18391216131021E-01  8.34277028565533E-01
  1.69756054024335E-01  8.30264987192932E-01  4.99900977071003E-01
  6.65544817065626E-01  5.00169597910333E-01  2.09116909347540E-01
  4.85178176583879E-01  6.15302091682982E-01  3.71816418831751E-01
  5.83264372186386E-01  6.71219600587749E-01  1.01763749889530E+00
  8.36770145026140E-01  5.84558348637279E-01 -5.37711324532896E-03
  8.84971771753587E-01  7.75234908216312E-01  9.40098588512188E-01
  7.29788317618389E-01  6.96043082819387E-01  7.35704697317986E-01
  6.03272598475915E-01  3.08162849343831E-02  7.71689819442349E-01
  7.39847750318445E-01  8.87126402511506E-01  9.09281201453536E-01
  6.97094130898080E-01  8.93868543708222E-01  4.82902811336659E-01
  2.17265583340755E-02  7.91858758422628E-01  2.62243514993632E-01
  9.14199116944986E-01  8.56922213819687E-01  5.63416642412578E-01
  8.20528416183302E-01  7.39708270531453E-01  2.94147156196940E-01
  5.91223632813926E-02 -3.77108352203900E-02  9.09679929876759E-03
  2.26574155806340E-01  2.51928266715035E-01  7.92183294511029E-01
  1.01692018381030E+00  2.56954242618640E-01  3.33383504574587E-01
  7.69950591500160E-01  5.02740703250818E-01  6.31488705708996E-01
  2.07282882391522E-01  7.14314776222348E-01  8.83465591178705E-01
  5.23209158448899E-01  7.93806778119500E-01  4.12112125384487E-01
  4.85616657301071E-01  4.98344298097592E-01  1.12780339003752E-01
  7.93909037908632E-01  1.01698414107391E+00  6.71738974049658E-01
