  8.67960353664620E-01  8.70277032984611E-01  8.18161932114342E-01
  3.71261184171699E-01  6.26605466359638E-01  1.80296380600439E-01
  1.24440897906367E-01  3.34744855345535E-01  6.04842719525180E-01
  6.23729925106970E-01  1.64443417915682E-01  3.95027801264560E-01
  1.61542700128541E-01  1.20014340882332E-01  1.89077794388485E-01
  6.61196899808982E-01  3.80619161183967E-01  8.10279835694389E-01
  8.32048829268746E-01  7.04890361927960E-01  2.98314591009880E-01
  3.30378397796046E-01  7.95014432039408E-01  7.02138016988901E-01
  3.19447919394164E-01  3.05888781006970E-01  3.05813057993034E-01
  8.18948525590900E-01  1.93775237170814E-01  6.97864143608019E-01
  6.83543160280423E-01  7.84548523719483E-01  9.97784348008916E-02
  1.84051548871627E-01  7.12820322676256E-01  9.02538183763146E-01
  9.73672084291287E-01  1.99105464884179E-01  3.39206037207248E-01
  4.73917360569628E-01  2.99076626563064E-01  6.60985090054921E-01
  4.40438672256565E-02  5.73485855690389E-01  3.02356692484919E-01
  5.42883424537710E-01  9.29720585766810E-01  6.99014912863044E-01
  3.66581469788663E-01  9.64137960476762E-01  2.48723680474130E-01
  1.67122225181345E-01 -1.82141499176402E-02  6.33894416987422E-01
  8.68864636005388E-01  5.37644851089570E-01  7.47851015032104E-01
  6.67737024972605E-01  5.15116226218372E-01  3.66256578204911E-01
  1.64897121859515E-01  2.32552030004660E-01  9.60939206323561E-01
  8.10508056114749E-01  8.58776978549959E-01  4.73133877687828E-01
  3.12406284833349E-01  6.41177129356662E-01  5.26623235902903E-01
  6.61150389171201E-01  2.72628432602684E-01  4.03512952852120E-02
  7.53369324987260E-03 -8.46916934844674E-02  1.42523992659585E-01
  5.10132020241015E-01  5.85841768989157E-01  8.54007077090195E-01
