#input for non-centrosymmetric orthorhombic HfO2

ndtset    1

autoparal 1

#Crystal Def.
ntypat   3
natom    104
typat    16*1 16*2 72*3
znucl    57 42 8
#acell 2*14.3094  7.1547 Angstrom
nsym 1

rprim
  2.68235111303274E+01 -9.49056327643202E-01  5.66387679481548E-02
 -9.50525406272315E-01  2.72679530243636E+01 -8.27459841725579E-02
  2.26593129938123E-02 -4.16057987354995E-02  1.35673340992927E+01




kptopt   1
ngkpt    1 1 2
nshiftk 1
shiftk 
0.5 0.5 0.5

ecut       30
pawecutdg  30
pawxcdev   0
ixc      -116133
#There are 416 occupied bands
nband    420
diemac   4
ecutsm   0.5

# First SCF run       
#irdwfk1   1
nstep     100
iscf      7
tolvrs    1.0E-20
ionmov    2
optcell   2
dilatmx   1.04
tolmxf    1e-8
ntime     250
strtarget 5*0.0 -1.69946e-05

# Printing flags
prtden    1
prteig    0
prtwf     1
prtposcar 0
prtcif    0

xred  4.28408223961196E-01  4.36174052343503E-01  8.29165319701298E-01
  1.44733042048005E-01  3.02150824740908E-01  1.13006976708791E-01
  1.05317097890766E-01  1.67162505510435E-01  5.92748383250045E-01
  3.27651300765538E-01  5.89038977752601E-02  3.32309128993332E-01
  9.11495048451691E-01  4.38222628721265E-01  8.76535520653596E-01
  6.82418667255627E-01  3.38122234814944E-01  1.71461289055979E-01
  5.66464253116665E-01  2.00458753809941E-01  7.12169547690740E-01
  8.35130681472475E-01  7.75254541685316E-02  3.67963504275567E-01
  4.34306081207712E-01  9.38834861014769E-01  8.42737203373770E-01
  1.87247677051510E-01  8.27141637601843E-01  1.41158788645715E-01
  9.81206037771419E-02  6.70769878553751E-01  6.14110561550154E-01
  3.25593945357706E-01  5.68721028419408E-01  3.38751029623408E-01
  9.08498477222174E-01  9.42467593111142E-01  8.59835222035035E-01
  6.58223043104179E-01  8.17154380296463E-01  1.99487694806217E-01
  5.56946839442563E-01  6.83498967083195E-01  6.54686556882042E-01
  8.10060063076988E-01  5.73942171009132E-01  3.46109536140257E-01
  9.52750182504152E-02  6.27941457104524E-02  1.54788446741299E-01
  3.24899488373328E-01  1.68786195540062E-01  7.85514617043376E-01
  3.99428252955318E-01  3.28042183704320E-01  3.07169919013007E-01
  1.55661346392426E-01  4.01975411609111E-01  6.52672386895902E-01
  5.99616776710072E-01  9.66490254291452E-02  1.80726269835306E-01
  8.47529487945416E-01  1.68256810737001E-01  8.21575642386125E-01
  9.17997460273261E-01  3.33390211957479E-01  3.21597877554366E-01
  6.68905273268894E-01  4.25997933320700E-01  7.07018323544457E-01
  8.30721026769997E-02  5.47319769260814E-01  1.79430880756421E-01
  3.20315452207937E-01  6.63715605364988E-01  8.13429208586715E-01
  4.24490313150230E-01  8.44536039711682E-01  3.00510459288633E-01
  1.38146903359941E-01  8.99136565098475E-01  6.96871756540034E-01
  5.73051552625844E-01  5.86027848423407E-01  1.98488066759432E-01
  8.41830435941676E-01  6.76513929483064E-01  8.26719172513887E-01
  9.10753788755095E-01  8.29683387463280E-01  3.27787090858362E-01
  6.75650407816634E-01  9.35252062362447E-01  7.16746168882964E-01
  6.97049352010866E-02  3.44537214888102E-01  8.04137833434970E-01
  1.76898925648066E-01  1.56046199369761E-01  2.76855037869254E-01
  3.24242331136917E-01  3.50167484554116E-01  1.16952585360166E-01
  4.26342070877147E-01  9.54713010686308E-02  6.95355796735983E-01
  5.81780774958674E-01  3.54516425880042E-01  8.65562218083347E-01
  6.06908497693731E-01  1.53146400277351E-01  3.97797272411993E-01
  8.38180510909981E-01  4.20201698719479E-01  2.13333760037677E-01
  9.34194158372720E-01  1.47187472376708E-01  6.45219369695235E-01
  6.30300356824029E-02  8.11645920917504E-01  8.03543363853068E-01
  1.53682344949786E-01  6.49265751036689E-01  2.60417700648554E-01
  3.44544676742634E-01  9.13100472102833E-01  1.39697836301583E-01
  4.10114115339856E-01  5.88406871073782E-01  6.95746233394622E-01
  5.74288138834440E-01  8.51644735764209E-01  7.51488566768218E-01
  6.57210197381801E-01  6.60012113472293E-01  3.62481205580773E-01
  8.73156555137566E-01  9.28648449326031E-01  2.06584789437576E-01
  9.20554441430761E-01  6.48599609815494E-01  6.42079431764390E-01
  7.99482941652232E-02  1.42939804251814E-01  9.65705556986826E-01
  1.00118253977353E+00  6.65685536963125E-02  3.17526859084459E-01
  1.84268823589848E-01  9.83586561231790E-01  2.55262261394336E-01
  3.96402641702175E-01  4.20757374077432E-01  4.72714763015845E-01
  3.63235641487409E-01  2.22554457753881E-01  4.16032570472349E-01
  5.13298319850807E-01  3.11311269959480E-01  2.26726724344604E-01
  3.16092049844844E-01  1.20711025242414E-01  8.03517924378529E-03
  4.16182868681672E-01  2.67116865392151E-01  7.81891200106431E-01
  2.48519970939607E-01  9.31203409970920E-02  6.23096499963430E-01
  2.57732011999874E-01  4.42764476530344E-01  7.72329982298067E-01
  1.79112186733600E-01  3.28313335278032E-01  4.61417768088215E-01
  1.04430352032552E-01  5.00871674175074E-01  5.67302812350563E-01
  9.15273781757617E-03  4.05595462501195E-01  1.50537782524663E-01
  9.21455124794065E-01  3.76868468682847E-01  5.48197260237210E-01
  8.19217121172880E-01  2.43656086445801E-01  3.07489283849807E-01
  4.82044545600322E-01  5.82116650978729E-02  1.29351644757902E-01
  6.41774195795582E-01  1.84861221891010E-01  1.02175475554772E+00
  6.79731932902074E-01  1.00926035011043E+00  1.95542443483480E-01
  7.52692167080505E-01  3.88903283158849E-01  8.88517277845486E-01
  6.49655189848456E-01  3.45779540667249E-01  5.18996047846070E-01
  5.85379804459387E-01  5.15167475324082E-01  7.06441936238098E-01
  8.49033259319571E-01  8.77430817230299E-02  1.29627563022313E-02
  8.89705852416915E-01  2.71933517266238E-01  9.33860547549113E-01
  7.43506808322115E-01  1.94253477768645E-01  7.08164867795288E-01
  3.28780732038673E-01  5.96103117928265E-01  1.83048011132676E-02
  3.98541920104354E-01  7.65385835545391E-01  8.07040925201463E-01
  2.51850937901428E-01  6.33039927873577E-01  5.92215137605609E-01
  1.80249516362275E-01  4.71738612913739E-01  2.00547579360572E-01
  5.25730474755707E-02  5.64843152723359E-01  9.42296253458654E-01
  9.81992428521792E-01  5.67913223276610E-01  3.21075882571801E-01
  4.03318516045684E-01  9.26277126150984E-01  4.87547031119572E-01
  3.39643493364162E-01  7.47488017511698E-01  2.90518467400674E-01
  5.12482928161335E-01  8.71287078241068E-01  1.07564852358692E-01
  7.00260137573100E-02 -5.12269291958737E-03  6.45297290116109E-01
  2.40817804395806E-01  9.19240062928252E-01  8.35090066441908E-01
  1.71515057831980E-01  8.32760384146349E-01  4.99113790512574E-01
  6.64665796198312E-01  5.00969377733850E-01  2.08738722974907E-01
  4.85246877268156E-01  6.14798318156452E-01  3.72550651496900E-01
  5.84353558746909E-01  6.71833207946996E-01  1.01879103564457E+00
  8.37824101912547E-01  5.85708254109113E-01 -5.09247732256115E-03
  8.85700480736314E-01  7.77870771854245E-01  9.42397548654069E-01
  7.30616965821091E-01  6.95359377435934E-01  7.36870153421080E-01
  6.04139777380568E-01  3.14855316978583E-02  7.71007083858011E-01
  7.40524661147613E-01  8.89548262550044E-01  9.08877744295940E-01
  6.98908148432467E-01  8.95814972388564E-01  4.83236792209816E-01
  2.20394985295830E-02  7.92334802170471E-01  2.68038629291267E-01
  9.13007737889532E-01  8.59110722371551E-01  5.64287635036998E-01
  8.20090152065605E-01  7.40645188900746E-01  2.94562422875777E-01
  6.21824878653201E-02 -4.17169481637346E-02  1.31579037054997E-02
  2.26139093125008E-01  2.47301082152163E-01  7.93451379757344E-01
  1.01234296072275E+00  2.54543109934744E-01  3.23313139789751E-01
  7.72754634544114E-01  5.01666724108526E-01  6.31236069230881E-01
  2.07985763425368E-01  7.14349269146768E-01  8.81150081167909E-01
  5.24631387807952E-01  7.93545986295278E-01  4.11126163570880E-01
  4.83458701788006E-01  4.98629374829399E-01  1.12833164965467E-01
  7.95768562146278E-01  1.02047328401538E+00  6.72459744891533E-01
