#input for non-centrosymmetric orthorhombic HfO2

ndtset    1

autoparal 1

#Crystal Def.
ntypat   3
natom    104
typat    16*1 16*2 72*3
znucl    57 42 8
#acell 2*14.3094  7.1547 Angstrom
nsym 1

rprim
  2.68472892369886E+01 -5.49912204052138E-01 -9.70322455487102E-02
 -5.50316735278480E-01  2.70702664432413E+01  7.10909175794799E-02
 -5.39569596576515E-02  3.41749436315214E-02  1.35584495741696E+01




kptopt   1
ngkpt    1 1 2
nshiftk 1
shiftk 
0.5 0.5 0.5

ecut       30
pawecutdg  30
pawxcdev   0
ixc      -116133
#There are 416 occupied bands
nband    420
diemac   4
ecutsm   0.5

# First SCF run       
#irdwfk1   1
nstep     100
iscf      7
tolvrs    1.0E-20
ionmov    2
optcell   2
dilatmx   1.04
tolmxf    1e-8
ntime     250
strtarget 0.0 -1.69946e-05 4*0.0

# Printing flags
prtden    1
prteig    0
prtwf     1
prtposcar 0
prtcif    0






xred  4.29488748101086E-01  4.41840773985418E-01  8.29961037955038E-01
  1.49123819580083E-01  3.02676186422157E-01  1.12454410570832E-01
  1.01937750026014E-01  1.66964377833393E-01  5.93554045899196E-01
  3.22950803949566E-01  6.24587705919364E-02  3.37835442283098E-01
  9.10917338504168E-01  4.41055303869399E-01  8.75245750316596E-01
  6.76996778572634E-01  3.39519684947482E-01  1.70596401417536E-01
  5.67731001716189E-01  2.01962951935577E-01  6.97532107811450E-01
  8.25471261840920E-01  7.47931819340506E-02  3.75914956840611E-01
  4.30545907424311E-01  9.36070603454637E-01  8.30675241882359E-01
  1.81232694953118E-01  8.30185488508915E-01  1.41452787251189E-01
  8.64569167976205E-02  6.70252728020726E-01  5.69098230085653E-01
  3.18943216685203E-01  5.73382631085511E-01  3.46414456402075E-01
  9.06296838946784E-01  9.42579200616075E-01  8.62253002261404E-01
  6.53483543996717E-01  8.16350399074010E-01  1.89544549454963E-01
  5.53430153247726E-01  6.83288791453666E-01  6.46182907842103E-01
  8.12314425582821E-01  5.74384619796534E-01  3.50742778278111E-01
  9.01410076536367E-02  6.23993731832830E-02  1.56688578177957E-01
  3.26111694185477E-01  1.73434547483942E-01  7.81323470751089E-01
  4.01266468223300E-01  3.25975831306016E-01  3.12221166383126E-01
  1.56931205374517E-01  4.01626020002722E-01  6.50239980359455E-01
  6.01742392181742E-01  9.61272866120444E-02  1.93915967527078E-01
  8.52456245149646E-01  1.74207859433088E-01  8.33937995177005E-01
  9.16780513358212E-01  3.32044026601232E-01  3.23382651976982E-01
  6.71413511861127E-01  4.25573844957844E-01  7.06713864916176E-01
  8.25006777987454E-02  5.40729990561202E-01  1.74301352906926E-01
  3.21816738852081E-01  6.63548492379154E-01  8.18264964621039E-01
  4.19716442467950E-01  8.46121508151258E-01  2.93188626782260E-01
  1.38086476213926E-01  8.95628380493748E-01  6.89612969947984E-01
  5.74448874586157E-01  5.82620827262523E-01  1.96885211047181E-01
  8.41319265846831E-01  6.79627105237457E-01  8.30450278420459E-01
  9.06523299888527E-01  8.27736114635299E-01  3.33297091182336E-01
  6.73993629350644E-01  9.36332574075029E-01  7.09751676549921E-01
  7.08613219121133E-02  3.52979826764858E-01  8.09731858101453E-01
  1.72986619147575E-01  1.54977121813283E-01  2.74638417380037E-01
  3.35997661073259E-01  3.50143133690125E-01  1.06649137995059E-01
  4.24753790354579E-01  9.79292337139018E-02  6.80770632725084E-01
  5.83433222417686E-01  3.52816867721369E-01  8.58739381055501E-01
  6.45726178821940E-01  1.44627988813082E-01  4.06712274632743E-01
  8.42484293697382E-01  4.21446437491563E-01  2.08793642459172E-01
  9.30716851443553E-01  1.48214721719503E-01  6.45828721364010E-01
  6.67093463565998E-02  8.07469980518954E-01  7.98000446447815E-01
  1.55944239696852E-01  6.42886249663785E-01  2.60347703546899E-01
  3.41991622070355E-01  9.17886866457347E-01  1.33575942926678E-01
  4.07886503553806E-01  5.88449773595108E-01  6.74443648705542E-01
  5.75665703705814E-01  8.51509550924592E-01  7.44221022809626E-01
  6.55787904494232E-01  6.59198767852940E-01  3.60584843983794E-01
  8.74086532141053E-01  9.29560473431529E-01  2.08909314807427E-01
  9.15836666434659E-01  6.47138256905880E-01  6.42273239844990E-01
  7.75089036755004E-02  1.41066113799909E-01  9.60535590879265E-01
  9.96510902545203E-01  7.01720739027471E-02  3.16325383885083E-01
  1.81077950434653E-01  9.83884966119993E-01  2.63613464565093E-01
  3.96689320778582E-01  4.22680011915087E-01  4.66118649220198E-01
  3.46244831316057E-01  2.28306889506619E-01  4.20652791325244E-01
  5.16921927454619E-01  2.89221120762582E-01  2.73626982283242E-01
  3.24620265999158E-01  1.26309474944251E-01  6.55944711030565E-03
  4.15893809777437E-01  2.70523383594786E-01  7.70681238012478E-01
  2.46093757141618E-01  9.47541833834785E-02  6.30908262689254E-01
  2.60469212210389E-01  4.43487334763738E-01  7.60080701376435E-01
  1.75079839612095E-01  3.25410228363430E-01  4.61179436770485E-01
  1.07444336447879E-01  5.01276724717538E-01  5.49942796702949E-01
  1.39123591168316E-02  4.12918366813603E-01  1.60057253507924E-01
  9.21151702544058E-01  3.73441391993402E-01  5.51269029791241E-01
  8.20407621397519E-01  2.43823313254500E-01  3.09783968402351E-01
  4.82751650584615E-01  5.91059245430612E-02  1.97360135747380E-01
  6.23313959794198E-01  1.84023838316425E-01  1.02155475362749E+00
  6.76700460916834E-01  1.00348544123885E+00  1.62787690031491E-01
  7.53260615092409E-01  3.90214321595122E-01  8.96915956567084E-01
  6.56759518475230E-01  3.45565324393190E-01  5.18691121833574E-01
  5.86888921244256E-01  5.16381446463464E-01  7.00938286221454E-01
  8.51342478934647E-01  8.97665082982854E-02  1.92232015481711E-02
  8.99654682502004E-01  2.75342388547286E-01  9.46440991084522E-01
  7.43990968369993E-01  2.04142513538707E-01  7.41705386603903E-01
  3.44972402430644E-01  5.85727853509423E-01  1.06911790549368E-02
  4.03022256063205E-01  7.62245257800355E-01  7.98921035908328E-01
  2.44659932090491E-01  6.38778610014831E-01  6.06935436869054E-01
  1.87562844793387E-01  4.69879116810381E-01  1.90215211642335E-01
  5.25188182137178E-02  5.64876958175055E-01  9.39552866575736E-01
  9.85390398643282E-01  5.77259734997464E-01  3.20741797871080E-01
  3.94908031158194E-01  9.22482063292850E-01  4.87643367216102E-01
  3.38475527535507E-01  7.48323352123935E-01  2.85766363670851E-01
  5.07181607689296E-01  8.70407004311782E-01  9.65987089815985E-02
  6.61618555789468E-02 -7.63778768660870E-03  6.44005409889717E-01
  2.39418933856917E-01  9.18002681556747E-01  8.29255271280068E-01
  1.71957359145518E-01  8.30013982273426E-01  4.91876134702595E-01
  6.73932745088946E-01  5.00615035208288E-01  2.23476959415028E-01
  4.82585619661451E-01  6.13633933930968E-01  3.54411717551043E-01
  5.81983013993345E-01  6.66223988810352E-01  1.01102885194147E+00
  8.37102811148498E-01  5.87435699717388E-01 -2.30746290270274E-03
  8.89902606927744E-01  7.78023858853885E-01  9.47389932994692E-01
  7.29290178336711E-01  7.01502830876367E-01  7.43678766351969E-01
  5.99446854111546E-01  3.23031521210697E-02  7.60294750989566E-01
  7.41093870581942E-01  8.86930650724074E-01  9.00821858989466E-01
  6.96502341282258E-01  9.04564121172718E-01  4.71242709079133E-01
  1.90119145093090E-02  7.84327301820184E-01  2.90312708026020E-01
  9.04638877813925E-01  8.56395674931577E-01  5.69531951108373E-01
  8.15337405895431E-01  7.42492093248733E-01  2.92155078334776E-01
  5.89448131962917E-02 -4.56781372828838E-02  2.35691104333817E-02
  2.23901715470554E-01  2.51609947015739E-01  7.93451682138614E-01
  1.01512053395813E+00  2.56405439780234E-01  3.15214554485428E-01
  7.75202626269397E-01  5.00220353923357E-01  6.35681208458133E-01
  2.21736377718425E-01  7.18507910432068E-01  9.16796051798074E-01
  5.24013338713905E-01  7.96282021452910E-01  4.03362093112333E-01
  5.03465748875587E-01  4.81440533232522E-01  1.15415630281895E-01
  7.92428542697411E-01  1.02236675104767E+00  6.77462361941091E-01
