#input for non-centrosymmetric orthorhombic HfO2

ndtset    1
autoparal 1

#Crystal Def.

nsym      1
ntypat   3
natom    26
typat    4*1 4*2 18*3
znucl    57 42 8

rprim
  1.35740198885340E+01 -6.99258503064069E-01  3.93037667652899E-03
 -7.23452616448809E-01  1.35777983695186E+01  6.40360563483889E-03
  3.04127255799142E-03  6.65260490565109E-03  1.33108894810475E+01

xred    
8.3467167895E-01  8.9529809220E-01  8.7602211972E-01
                       3.7085191847E-01  6.8202229549E-01  1.3100756593E-01
                       1.2863178430E-01  3.1838735851E-01  6.3008791343E-01
                       6.6524208759E-01  1.0476594805E-01  3.7599604843E-01
                       2.0577277682E-01  2.0264845015E-01  1.6851914865E-01
                       6.2022527624E-01  3.1088417404E-01  8.3835266820E-01
                       8.7982158761E-01  6.8916241402E-01  3.3857967271E-01
                       2.9429556387E-01  7.9728877326E-01  6.6914829776E-01
                       2.8637965561E-01  4.0214442476E-01  3.1602273992E-01
                       8.0633411983E-01  1.9544939801E-01  6.8073035679E-01
                       6.9338996560E-01  8.0399184395E-01  1.8085642121E-01
                       2.1319098018E-01  5.9762310628E-01  8.1655906288E-01
                       1.0169830722E+00  1.3497471681E-01  3.3232371970E-01
                       4.6358092756E-01  2.4931577809E-01  6.3231256371E-01
                       3.6294174028E-02  7.5148585658E-01  1.3218559174E-01
                       4.8228205335E-01  8.6569664532E-01  8.3335034662E-01
                       3.5918009494E-01  1.0275788254E+00  1.8978394928E-01
                       1.4063896966E-01 -2.7696945287E-02  6.8827722431E-01
                       7.3114182848E-01  5.3970473780E-01  8.3572660059E-01
                       7.6947271259E-01  4.6009269700E-01  3.3655248895E-01
                       7.2634911023E-02  1.9730046602E-01  9.5619883067E-01
                       7.9987385707E-01  8.3857379070E-01  5.2612982989E-01
                       4.2833412554E-01  8.0178381918E-01  4.5738408149E-01
                       7.0026435727E-01  1.6136920409E-01  2.6101441665E-02
                       4.1543396971E-01  3.5606981925E-01  9.9112603588E-01
                       1.0850775514E+00  6.4408431033E-01  4.9066527986E-01

           


ngfft          72      75      75
kptopt   1
ngkpt    2 2 2
nshiftk 1
shiftk 
0.5 0.5 0.5

ecut       30
pawecutdg  30
pawxcdev   0
ixc      -116133
nband    104
diemac   4

ecutsm  0.5
nstep    100
iscf     7
tolvrs   1.0E-20
ionmov   2
optcell  2
dilatmx  1.04
tolmxf   1e-8
ntime    250
strtarget 4*0.0 XXXX 0.0 



# Printing flags
prtden    1
prteig    0
prtwf     1
prtposcar 0
prtcif    1
