#input for non-centrosymmetric orthorhombic HfO2

ndtset    1

autoparal 1

#Crystal Def.
ntypat   3
natom    104
typat    16*1 16*2 72*3
znucl    57 42 8
#acell 2*14.3094  7.1547 Angstrom
nsym 1

rprim
  2.67879248275635E+01 -4.65681774985278E-01  7.81469553036346E-01
 -4.55478050232251E-01  2.73902068249200E+01 -1.13005894496424E-01
  3.89242765766288E-01 -4.59794648983629E-02  1.36112781899052E+01




kptopt   1
ngkpt    1 1 2
nshiftk 1
shiftk 
0.5 0.5 0.5

ecut       30
pawecutdg  30
pawxcdev   0
ixc      -116133
#There are 416 occupied bands
nband    420
diemac   4
ecutsm   0.5

# First SCF run       
#irdwfk1   1
nstep     100
iscf      7
tolvrs    1.0E-20
ionmov    2
optcell   2
dilatmx   1.04
tolmxf    1e-8
ntime     250
strtarget 4*0.0 1.69946e-05 0.0

# Printing flags
prtden    1
prteig    0
prtwf     1
prtposcar 0
prtcif    0







xred  4.27251214942771E-01  4.35125585202496E-01  8.38349189397402E-01
  1.50058901002075E-01  2.97147185568874E-01  1.19928384905791E-01
  1.04839271333213E-01  1.73184021026957E-01  6.15789343793107E-01
  3.17807003851630E-01  6.12980293576092E-02  3.20903412686601E-01
  9.13245984498981E-01  4.26390849322237E-01  8.81275118263681E-01
  6.87665865692536E-01  3.32919481846331E-01  1.65724941544444E-01
  5.70439150099228E-01  2.01201312079499E-01  7.04966073058662E-01
  8.18613248803088E-01  7.07259841078292E-02  3.78565841674481E-01
  4.34858940025503E-01  9.40132137452993E-01  8.44033863733388E-01
  1.97776099804802E-01  8.27310521603650E-01  1.55410642385488E-01
  1.01967568622385E-01  6.74174971567552E-01  6.44089657777347E-01
  3.34545265309635E-01  5.72231091994149E-01  3.41554941983300E-01
  9.06027189172776E-01  9.33604086890198E-01  8.66756393201818E-01
  6.64056355358836E-01  8.15433666116167E-01  2.05399147975776E-01
  5.59164228835163E-01  6.81860999005146E-01  6.59760872932423E-01
  8.08032383043114E-01  5.66987129652529E-01  3.32046579596987E-01
  8.77089424180046E-02  6.55579300600314E-02  1.59453044125765E-01
  3.28023187039220E-01  1.73595478500340E-01  7.81232149472744E-01
  3.97538965062232E-01  3.28858228769370E-01  3.17620291489520E-01
  1.64929540612516E-01  4.03052443445884E-01  6.49079228792595E-01
  5.98296851051194E-01  9.69113821145260E-02  1.66681467109129E-01
  8.34394010359437E-01  1.55308412035417E-01  8.19388691036284E-01
  9.20426508681189E-01  3.27860300336953E-01  3.31330794385930E-01
  6.68141767085184E-01  4.25994390637708E-01  7.03347876589512E-01
  9.25373413606504E-02  5.64499934057636E-01  1.66838764048067E-01
  3.20895081628427E-01  6.66486780629377E-01  8.20727487347588E-01
  4.28805724965143E-01  8.48004255749489E-01  3.03555460893349E-01
  1.40094570505634E-01  9.02605600651471E-01  7.07711386040896E-01
  5.73857965191751E-01  5.87826418723589E-01  1.95942724210275E-01
  8.40191338001577E-01  6.68072518137974E-01  8.10176673111374E-01
  9.11694986289451E-01  8.26439176822602E-01  3.30634924570756E-01
  6.75834789882701E-01  9.30397002351234E-01  7.21681190153630E-01
  6.89829155956457E-02  3.42995481224754E-01  7.78235203701948E-01
  1.69586190655644E-01  1.52958649014852E-01  2.91790323059594E-01
  3.30976606553442E-01  3.54923380054315E-01  1.22685850473037E-01
  4.32361970089024E-01  9.73179496934277E-02  7.08370821608561E-01
  5.81131001463916E-01  3.51180750604161E-01  8.62199708830742E-01
  6.08066619827733E-01  1.55462711252495E-01  3.80536061466516E-01
  8.34857310762626E-01  4.13292535429936E-01  2.11641567524347E-01
  9.34351010867156E-01  1.32770830543793E-01  6.68701754919277E-01
  5.59056683921186E-02  8.21032260142914E-01  8.09617789497484E-01
  1.55347186355267E-01  6.58694805074405E-01  2.75964873083853E-01
  3.47283539765053E-01  9.17241638168516E-01  1.42959179245352E-01
  4.12670205202452E-01  5.88903363532428E-01  7.12599857760412E-01
  5.74269913674127E-01  8.49483476931964E-01  7.44982608645799E-01
  6.58938696860659E-01  6.59487234031611E-01  3.52140337259860E-01
  8.66563897782064E-01  9.21870752652366E-01  2.09879511782758E-01
  9.25824138029554E-01  6.43735642474878E-01  6.25540583585014E-01
  8.34967113704683E-02  1.54636809142595E-01  9.82028542284081E-01
  9.86842242131536E-01  6.92164420089564E-02  3.13934835866257E-01
  1.76305949099320E-01  9.83291780879921E-01  2.44400885875845E-01
  3.93070795110888E-01  4.22802784527525E-01  4.80328628643564E-01
  3.65815038587017E-01  2.19765769252467E-01  4.14104453935822E-01
  5.15092260107798E-01  3.18489971605527E-01  2.36178901905036E-01
  3.11609870605311E-01  1.33683320756657E-01  1.01331350498061E-02
  4.17699536183766E-01  2.70668316851319E-01  7.67800354390046E-01
  2.54153501430030E-01  9.83557072603680E-02  6.30085131773893E-01
  2.56721367190717E-01  4.43175084328286E-01  7.86055657365777E-01
  2.02378543176717E-01  3.37452259217728E-01  4.49865617767701E-01
  1.16574587036354E-01  5.04427930719738E-01  5.66460304657380E-01
  3.97411902091278E-04  3.70503900229205E-01  1.26035885383234E-01
  9.09974343881484E-01  3.86892603646131E-01  5.45575406759011E-01
  8.29933190486281E-01  2.36506294909997E-01  3.12845274215815E-01
  4.79716398932295E-01  6.64091612299414E-02  1.26730538152955E-01
  6.49753408058447E-01  1.81651658468797E-01  1.00591005016635E+00
  6.72295803550639E-01  1.00371766860041E+00  1.87898692679099E-01
  7.50138398563239E-01  3.96235561486104E-01  8.83255137788827E-01
  6.57234637196932E-01  3.46122706153701E-01  5.14256918404549E-01
  5.78581742329465E-01  5.12628510530940E-01  7.11527052239837E-01
  8.36140013055402E-01  8.03154587029286E-02  1.87045315044489E-02
  8.61247369426763E-01  2.63346073562317E-01  9.17801841008548E-01
  7.41366388390430E-01  1.74712503506901E-01  6.65502219417851E-01
  3.13995539232861E-01  5.99250514140600E-01  2.80152831589479E-02
  3.98856140039450E-01  7.65632831948029E-01  8.19497899291599E-01
  2.58634630191542E-01  6.38847584321204E-01  6.00508309817909E-01
  1.67083738785379E-01  4.70540697388947E-01  1.83905638965808E-01
  6.24996626729865E-02  5.77221873873156E-01  9.30502337937856E-01
  9.82807852012359E-01  5.53633105244172E-01  2.90831429685826E-01
  4.00810955318299E-01  9.31104515544098E-01  4.86752306328517E-01
  3.46105995300376E-01  7.51886100722278E-01  2.90159316228476E-01
  5.17736655424293E-01  8.73635234979116E-01  1.09040591813011E-01
  8.06362021585769E-02  2.39499434805010E-04  6.35698160823257E-01
  2.40673582555273E-01  9.20405200929334E-01  8.42328612120366E-01
  1.76406697867881E-01  8.34192038749024E-01  5.10088553609283E-01
  6.60395969727434E-01  4.97771691746857E-01  2.00277537061744E-01
  4.87604105283363E-01  6.18143628653714E-01  3.86033341073778E-01
  5.88981215938940E-01  6.73873566134955E-01  1.01866526931443E+00
  8.36860806937445E-01  5.77523064944077E-01 -2.07516112325135E-02
  8.79358335016861E-01  7.66235072873906E-01  9.30277280855424E-01
  7.31294822324779E-01  6.93285586932266E-01  7.21950321913080E-01
  6.03919528928438E-01  2.75540191956732E-02  7.85920275397455E-01
  7.36371006910320E-01  8.79524888488106E-01  9.09122881619051E-01
  7.02541982358276E-01  9.02497126600770E-01  4.78648594003800E-01
  2.55857860934509E-02  7.97978723234406E-01  2.47791218721902E-01
  9.15485782374551E-01  8.56645959801455E-01  5.65049606025251E-01
  8.27976141219870E-01  7.34767823847105E-01  3.03451771903801E-01
  5.63733506318155E-02 -2.70869295065683E-02 -1.19475664750827E-03
  2.28175795888514E-01  2.56283112421389E-01  7.88416625275976E-01
  1.02202241408711E+00  2.60940177333966E-01  3.81590921790551E-01
  7.62606733008954E-01  5.08286676614540E-01  6.20896224462148E-01
  2.06023779114302E-01  7.23489178292563E-01  8.86809516917280E-01
  5.25524805967972E-01  7.95101801247350E-01  4.16059618393010E-01
  4.77161867875913E-01  5.13446199704465E-01  1.13425447130868E-01
  7.96111498582270E-01  1.00959238991259E+00  6.85008888339434E-01
