  8.46789417585152E-01  8.49292007308283E-01  8.16350265122891E-01
  3.67264610280246E-01  5.71519710918582E-01  1.56835265080935E-01
  1.39856757188936E-01  3.20021893937793E-01  6.37134662921460E-01
  6.27149788973147E-01  1.48928510886097E-01  3.93944382248340E-01
  1.56225039040175E-01  1.32846894335590E-01  1.85822396819840E-01
  6.71259197316596E-01  3.79953133953366E-01  8.14530859955609E-01
  8.15632805524806E-01  6.76206846034864E-01  3.05909519239292E-01
  3.27085227478249E-01  7.90333327220867E-01  6.94316875703517E-01
  3.27719888944943E-01  2.98950521266863E-01  3.40295392629041E-01
  8.22029912638056E-01  1.82294916864439E-01  7.27491885465431E-01
  6.71224429021334E-01  7.71309386162819E-01  1.25151820983800E-01
  1.91317530856516E-01  7.03630688327359E-01  8.94960862943841E-01
  9.77422995022841E-01  2.07546755186924E-01  3.64243803896141E-01
  4.81673728706185E-01  2.89342863778557E-01  6.76492260058958E-01
  3.13478958531105E-02  5.84702155806616E-01  2.25090770094107E-01
  5.41263541466096E-01  9.25525840399589E-01  6.61567850946419E-01
  3.40284893641869E-01  9.62994495512925E-01  2.30645944027567E-01
  1.62376886148640E-01 -2.08763817818338E-02  6.60577395242792E-01
  8.83204235383569E-01  5.25362175043236E-01  7.49928380688072E-01
  6.71530749833970E-01  4.96504775808687E-01  4.00526054628730E-01
  2.08462765824635E-01  2.92142780229406E-01  9.93681402749374E-01
  8.45910572982134E-01  8.50979109148122E-01  4.69204519745232E-01
  2.86037731864154E-01  6.38012914901191E-01  5.11641726844907E-01
  6.41947338039266E-01  3.23367376703570E-01  5.63104072912257E-02
 -1.59534347488710E-02 -9.40932050700637E-03  7.77981608160563E-02
  5.30935495162685E-01  6.08516622553279E-01  8.29547133863006E-01
