#input for non-centrosymmetric orthorhombic HfO2

ndtset    1

autoparal 1

#Crystal Def.
ntypat   3
natom    104
typat    16*1 16*2 72*3
znucl    57 42 8
#acell 2*14.3094  7.1547 Angstrom
nsym 1

rprim
  2.66785253260571E+01 -6.57965015501563E-01  6.60646961474012E-02
 -6.50777275077388E-01  2.72737517027297E+01 -8.55611763895111E-02
  2.67736346120014E-02 -4.25631219735909E-02  1.35867525904200E+01



kptopt   1
ngkpt    1 1 2
nshiftk 1
shiftk 
0.5 0.5 0.5

ecut       30
pawecutdg  30
pawxcdev   0
ixc      -116133
#There are 416 occupied bands
nband    420
diemac   4
ecutsm   0.5

# First SCF run       
#irdwfk1   1
nstep     100
iscf      7
tolvrs    1.0E-20
ionmov    2
optcell   2
dilatmx   1.04
tolmxf    1e-8
ntime     250
strtarget -1.69946e-05 5*0.0

# Printing flags
prtden    1
prteig    0
prtwf     1
prtposcar 0
prtcif    0


xred
  4.29127678629953E-01  4.37748237178742E-01  8.29587080412422E-01
  1.47099267634320E-01  3.02048554190222E-01  1.12050500562575E-01
  1.04307221934756E-01  1.69087614934038E-01  5.93434351898568E-01
  3.24885079148699E-01  6.00190752114842E-02  3.31273071075771E-01
  9.12781216797023E-01  4.37816157828823E-01  8.77851388925323E-01
  6.83434437209399E-01  3.37261751791758E-01  1.70545869191543E-01
  5.67849160571464E-01  2.00817825966156E-01  7.08662287637049E-01
  8.29022614157169E-01  7.50205024970686E-02  3.74441367530219E-01
  4.32380654648738E-01  9.39298149000769E-01  8.40937440543028E-01
  1.86660065981223E-01  8.28246910553118E-01  1.40341045700947E-01
  9.60621589830992E-02  6.71981282076657E-01  6.04709529640398E-01
  3.24592963228490E-01  5.68998237571237E-01  3.34742805171474E-01
  9.07629051150542E-01  9.39491534201168E-01  8.62734309242234E-01
  6.58012618698367E-01  8.16343101237085E-01  1.98626072760699E-01
  5.55509578960842E-01  6.83761481277143E-01  6.54185120438954E-01
  8.09401370030614E-01  5.72818413341317E-01  3.48445101660877E-01
  9.23989334677458E-02  6.36090508571604E-02  1.54847724142954E-01
  3.25929567799337E-01  1.70917560402835E-01  7.84011127999366E-01
  4.00049402314597E-01  3.26973218126705E-01  3.09608600775300E-01
  1.57919412938517E-01  4.01990260130149E-01  6.52214849659929E-01
  6.00980563055236E-01  9.54491859475765E-02  1.81117376834923E-01
  8.49774898950576E-01  1.68734391707551E-01  8.27885133155369E-01
  9.19116579194959E-01  3.33210489050645E-01  3.23745778387530E-01
  6.70012467555702E-01  4.25289208927909E-01  7.07016584896254E-01
  8.34556622056910E-02  5.45884054172956E-01  1.78590540025696E-01
  3.19237480164279E-01  6.65257282062821E-01  8.10712174231397E-01
  4.23085910134293E-01  8.45244007518032E-01  2.97759956371264E-01
  1.37898728980473E-01  8.99014376154718E-01  6.93583723778669E-01
  5.72160520915053E-01  5.85958757899769E-01  1.98415566328494E-01
  8.41095326903157E-01  6.75364032081563E-01  8.29528247777767E-01
  9.09700194654331E-01  8.27573060801028E-01  3.30377676300366E-01
  6.74775693346954E-01  9.35563171069438E-01  7.15789138912313E-01
  6.98040201982526E-02  3.47274395551326E-01  8.02255043429507E-01
  1.75578231230328E-01  1.54673710694808E-01  2.77128259806828E-01
  3.27682375319213E-01  3.49518191357325E-01  1.14888766327690E-01
  4.27759214568451E-01  9.65106299049988E-02  6.93425726705505E-01
  5.82283607165976E-01  3.54346918483589E-01  8.64038701323385E-01
  6.21530439094890E-01  1.47062733913604E-01  4.01363947254555E-01
  8.38800865476003E-01  4.19746757634967E-01  2.12723192560478E-01
  9.33668746604748E-01  1.45145346209538E-01  6.46682542049216E-01
  5.97602772953946E-02  8.14469732267819E-01  7.97708169761653E-01
  1.54637283162132E-01  6.46965771969177E-01  2.58331947740704E-01
  3.43399156441265E-01  9.15386857879260E-01  1.37270830188033E-01
  4.10219944018521E-01  5.89008632337140E-01  6.93870308488019E-01
  5.73623950927394E-01  8.52701288975863E-01  7.45559195366006E-01
  6.56817170065195E-01  6.59187295200049E-01  3.61755257717970E-01
  8.72488936895806E-01  9.27212143316301E-01  2.09019113785012E-01
  9.19942694981800E-01  6.46159209732059E-01  6.44628420162571E-01
  7.98290296987924E-02  1.43961518634700E-01  9.65082232838973E-01
  9.96911539371932E-01  6.95375387151321E-02  3.14510766787819E-01
  1.81802386752934E-01  9.83190171098098E-01  2.57090316214687E-01
  3.95878912557806E-01  4.20965542833689E-01  4.71773922298955E-01
  3.61327481542445E-01  2.22809385074246E-01  4.17765106880731E-01
  5.15825678252349E-01  3.06729684317299E-01  2.37353126410256E-01
  3.17608153651994E-01  1.23668541068949E-01  6.92522344982942E-03
  4.16393051293852E-01  2.68455415075962E-01  7.79133575113641E-01
  2.48905051683766E-01  9.49814500848027E-02  6.25685999173357E-01
  2.58882884803062E-01  4.43152188956072E-01  7.73651003348288E-01
  1.82720613854350E-01  3.28773227388272E-01  4.60593425004701E-01
  1.07257675800433E-01  5.01580629712612E-01  5.62827997029885E-01
  1.09804069419349E-02  4.06247703796642E-01  1.53059423618671E-01
  9.21106011017118E-01  3.77223117441878E-01  5.49400344489874E-01
  8.22319808573400E-01  2.43400783063098E-01  3.10474952736573E-01
  4.81612353898709E-01  5.93283463205180E-02  1.45523989484092E-01
  6.37805381258160E-01  1.84826594379124E-01  1.02232506309439E+00
  6.80149539444330E-01  1.00535950769463E+00  1.78394045646094E-01
  7.53779553775499E-01  3.88230142042259E-01  8.89547631072133E-01
  6.52693519681541E-01  3.45596215336082E-01  5.18450884614733E-01
  5.85006125326117E-01  5.15202284360761E-01  7.06240079184437E-01
  8.50036021135449E-01  8.75123921693733E-02  1.68595984923033E-02
  8.93016810447785E-01  2.71515380548639E-01  9.38804388122543E-01
  7.44340997537320E-01  1.96235442354164E-01  7.17797563843913E-01
  3.28408389354014E-01  5.97081589877191E-01  1.48162752174786E-02
  3.97397469967678E-01  7.65956440344999E-01  8.04299298945330E-01
  2.51384020267126E-01  6.34684322159668E-01  5.89643780917585E-01
  1.82889180633905E-01  4.70168654916206E-01  1.97381315642916E-01
  5.22923262840330E-02  5.63786264048148E-01  9.42710255345985E-01
  9.82296389580829E-01  5.69669008651583E-01  3.21573844088819E-01
  3.99887085455984E-01  9.25714000002821E-01  4.86603123431990E-01
  3.38743288461492E-01  7.49258941922907E-01  2.85647814888028E-01
  5.11452779547042E-01  8.70708195036760E-01  1.04269096108781E-01
  7.04633625838704E-02 -3.78255605049730E-03  6.41132053548397E-01
  2.40123986227109E-01  9.18586860688476E-01  8.33706679491070E-01
  1.72392892053103E-01  8.32016875426286E-01  4.96848396363448E-01
  6.65064751514802E-01  4.99972764460927E-01  2.10244549599069E-01
  4.83919272352203E-01  6.16631314155517E-01  3.71438925195571E-01
  5.82872451684829E-01  6.71058833921225E-01  1.01828167720517E+00
  8.36293211634886E-01  5.84612170997730E-01 -2.97825114542692E-03
  8.85910433616067E-01  7.75090438637957E-01  9.46626448042675E-01
  7.29585557886760E-01  6.96660250793973E-01  7.38793260357399E-01
  6.02717806340331E-01  3.19681873477216E-02  7.76281516924561E-01
  7.40098389542278E-01  8.86107102874175E-01  9.04540651999127E-01
  6.97638209434680E-01  9.01804319983113E-01  4.77732622078043E-01
  2.26922505755640E-02  7.89089851236171E-01  2.74218426026348E-01
  9.10505177820298E-01  8.57338687071312E-01  5.66020270769025E-01
  8.19272634193136E-01  7.39828288354046E-01  2.97054792596201E-01
  6.07558636277524E-02 -4.10450468736693E-02  1.42162350523640E-02
  2.25352957161944E-01  2.50436465790378E-01  7.91951094317890E-01
  1.01695534499372E+00  2.56389231887993E-01  3.26701307736644E-01
  7.72851053318172E-01  5.01264291885674E-01  6.33565785454144E-01
  2.05653883727722E-01  7.16331109313205E-01  8.77875087688589E-01
  5.24731250760233E-01  7.94244210230206E-01  4.08803044263452E-01
  4.83804498688917E-01  4.98306943618736E-01  1.14832863728842E-01
  7.95061448665552E-01  1.01941823359991E+00  6.77476134602271E-01
