#input for non-centrosymmetric orthorhombic HfO2

ndtset    1

autoparal 1

#Crystal Def.
ntypat   3
natom    104
typat    16*1 16*2 72*3
znucl    57 42 8


rprim
  2.69488742607081E+01 -2.97264671379204E-01 -9.45738734846393E-02
 -2.97282768445254E-01  2.68872051926783E+01  2.63284389156425E-01
 -4.70681569812017E-02  1.31593051882963E-01  1.35372061362071E+01




nsym 1


kptopt   1
ngkpt    1 1 2
nshiftk 1
shiftk 
0.5 0.5 0.5

ecut       30
pawecutdg  30
pawxcdev   0
ixc      -116133
#There are 416 occupied bands
nband    420
diemac   4
ecutsm   0.5

# First SCF run       
#irdwfk1   1
nstep    100
iscf     7
tolvrs   1.0E-20
ionmov   2
optcell  2
dilatmx  1.04
tolmxf   1e-8
ntime    250

# Printing flags
prtden    1
prteig    0
prtwf     1
prtposcar 0
prtcif    0



xred
  4.40441544918626E-01  4.34274269015078E-01  8.46913557375076E-01
  1.58640414063755E-01  3.17538437802676E-01  1.70182568573257E-01
  7.42595512212868E-02  1.69617513721957E-01  6.23485135464526E-01
  3.20153065060570E-01  8.37253342768673E-02  3.77182291621169E-01
  9.17601524251480E-01  4.15815318194508E-01  8.51220866196907E-01
  6.65822693909563E-01  3.39457156222335E-01  1.22805240013830E-01
  5.57609786061888E-01  1.88939147986782E-01  6.58273611152579E-01
  8.30670114249429E-01  4.85664420466508E-02  3.60200054862659E-01
  4.23361260382333E-01  9.34914819388709E-01  8.38978685311525E-01
  1.63753776947209E-01  8.35415354196541E-01  1.10328367380983E-01
  8.22772857421571E-02  6.75391857630652E-01  6.10799630932462E-01
  3.19905807060175E-01  5.61307252439640E-01  3.68652431691129E-01
  9.08920859902084E-01  9.28270409238842E-01  8.56530297685335E-01
  6.40885849948889E-01  8.22606935790371E-01  1.42175396427455E-01
  5.46584623266338E-01  6.81478916495587E-01  6.46062472866357E-01
  8.14943029486635E-01  5.42956280503105E-01  3.31691123387609E-01
  9.52069107493660E-02  6.54039355790194E-02  1.67255474591240E-01
  3.34417294731155E-01  1.65675840938302E-01  8.46751915774646E-01
  4.25567900476175E-01  3.49070675596118E-01  3.17448821612054E-01
  1.64511246840806E-01  4.38690750625688E-01  6.89913148926179E-01
  6.01088438475372E-01  1.03507893866579E-01  2.08583057609412E-01
  8.36027178115333E-01  1.45303394179665E-01  7.93274740096416E-01
  9.26065266645326E-01  3.26874445160687E-01  3.25935257495691E-01
  6.78250046864255E-01  4.40678665825637E-01  6.84937443704162E-01
  8.33809690124551E-02  5.91669793370414E-01  1.48273163280083E-01
  3.13721148295091E-01  6.68012889607152E-01  8.07258442881727E-01
  4.13126707073740E-01  8.33087151377007E-01  3.09572514644844E-01
  1.56722383650263E-01  8.97017256011766E-01  6.50253479975479E-01
  5.83620591677966E-01  5.70540091297473E-01  2.02653777258749E-01
  8.34849226542663E-01  6.61744305880202E-01  8.07559587269907E-01
  8.93223276423986E-01  8.07194764132817E-01  3.35219948930200E-01
  6.67532154619335E-01  9.29192771236182E-01  6.98084007742431E-01
  1.10970532899224E-01  3.32247402781417E-01  7.74219933144522E-01
  1.63461957571362E-01  1.57539773133963E-01  3.14852509811097E-01
  3.50607343492587E-01  4.12455649653113E-01  1.51244168360736E-01
  4.12664757630762E-01  9.18580751254958E-02  6.73254349130150E-01
  5.87982598150613E-01  3.49287099682421E-01  7.91509745994043E-01
  6.83580540984395E-01  1.63897438644323E-01  3.53351371760482E-01
  8.34929690337628E-01  3.89732393107969E-01  1.74908472212233E-01
  9.30015501298140E-01  7.70270667449134E-02  6.63921076568256E-01
  5.78835134982215E-02  8.39904034299399E-01  7.62461690170625E-01
  1.67215580340867E-01  6.54158480987128E-01  2.89702132099954E-01
  3.28776986715215E-01  8.49874989988415E-01  1.16862419762640E-01
  4.00625135112894E-01  5.86410412789643E-01  6.94471851622615E-01
  5.77536567901937E-01  8.41869788105955E-01  7.81759637409192E-01
  6.57105438240527E-01  6.24216022160985E-01  3.77447032991421E-01
  8.68317287747321E-01  9.06872061013529E-01  1.87865013137671E-01
  9.03833081999499E-01  6.63315484413711E-01  5.92550846048295E-01
  8.81074541977217E-02  1.39458689395600E-01  9.66982516256022E-01
  9.93467607072377E-01  7.79655863363806E-02  3.09476939808820E-01
  2.01235869804805E-01  9.91584812258861E-01  2.13102313645900E-01
  4.10430502391429E-01  4.17581583674981E-01  5.14923359282435E-01
  3.48642842341610E-01  2.51014174244644E-01  3.51010053923944E-01
  5.34551349131365E-01  2.84200164070373E-01  3.41457698573023E-01
  3.64778183353724E-01  7.64695179494269E-02  2.23121941818486E-02
  4.21139066979978E-01  2.61053151427658E-01  8.05225609650808E-01
  2.43305798800879E-01  1.46970996278614E-01  6.69315347298011E-01
  2.69427348386326E-01  4.37034268210492E-01  8.19407222956908E-01
  1.96520292916261E-01  4.25911849691285E-01  4.50492627553857E-01
  6.07551128287184E-02  5.12760958573866E-01  7.10089686804832E-01
 -2.59166789680531E-03  3.42276141899621E-01  1.03211260189288E-01
  9.03937823255624E-01  4.11164188125988E-01  5.05405059142029E-01
  8.65516460762346E-01  2.19530895576816E-01  3.71683107670031E-01
  4.98596277535662E-01  8.57112872094255E-02  3.40795275726429E-01
  5.82791844903388E-01  1.76874716716772E-01  1.00893913921473E+00
  6.62420765480914E-01  1.00053215255280E+00  1.58160229163171E-01
  7.57924737130218E-01  3.76384763028331E-01  8.43179483248053E-01
  6.82988630852639E-01  4.06905577225612E-01  4.48766741011491E-01
  5.85750977601306E-01  5.23802744937580E-01  7.30006374996847E-01
  8.41364699861893E-01  9.07896080087798E-02  1.72077294709725E-02
  9.13267400318724E-01  2.45920795878450E-01  7.89092970189821E-01
  7.25216552715986E-01  1.94923193825804E-01  7.58002081291900E-01
  3.16493257453063E-01  6.20957415103433E-01  3.39418328778302E-02
  4.01138653841256E-01  7.60694463583694E-01  7.85008533557003E-01
  2.26332160986288E-01  5.94951448774161E-01  6.41389608795474E-01
  1.34454498495017E-01  4.87359205766358E-01  7.49709215695317E-02
  5.67290323453058E-02  6.65333485308183E-01  9.56955241806943E-01
  9.87637181792332E-01  5.64274131500593E-01  2.95443694733680E-01
  3.85927749394500E-01  9.20499162980840E-01  4.74874804458430E-01
  3.56949177447668E-01  7.26882087001411E-01  3.93970147712142E-01
  4.97432169652283E-01  8.92703414072487E-01  1.22382229338943E-01
  1.14430148740385E-01  3.45027066208551E-03  5.64823333571033E-01
  2.48551522305915E-01  9.30646703737990E-01  8.05698060967500E-01
  1.81973066672264E-01  8.26712628259539E-01  4.56495761839459E-01
  6.86801611038472E-01  5.07390878964433E-01  1.12522612330504E-01
  4.82410187715104E-01  5.77878267432142E-01  3.53584360803061E-01
  5.62773489882545E-01  6.60209529978292E-01  1.03257499262500E+00
  8.65740457604756E-01  5.70853672803359E-01 -2.39430453481388E-02
  8.84898242539425E-01  7.61269880850190E-01  9.16284234138828E-01
  7.16226858179510E-01  6.93143335596991E-01  7.86720887630277E-01
  5.85030172977845E-01  2.23603475121692E-02  7.23196245402024E-01
  7.42949406015070E-01  8.89311455248518E-01  8.90817773178663E-01
  6.89526219893719E-01  8.92471408018219E-01  4.67234558681337E-01
  1.00401411038738E-02  7.69851366533518E-01  3.04975135040157E-01
  8.83644389652284E-01  8.64611688779521E-01  5.49991971924878E-01
  8.04003692762865E-01  7.24263441538952E-01  2.78304729220522E-01
  4.80087297402893E-02 -4.62026681196178E-02  5.55249366649331E-02
  2.63616940417015E-01  2.33330957941089E-01  9.94997827572093E-01
  1.04401319952378E+00  2.96266219315280E-01  4.21965392235264E-01
  7.73690920649165E-01  5.31940941550433E-01  6.63012329399846E-01
  2.11989455303110E-01  7.47328036595040E-01  8.10372498407000E-01
  5.30477496569110E-01  7.82904328392902E-01  3.82131619373936E-01
  5.26319102775688E-01  4.38341012685873E-01  1.48789185962176E-01
  7.69796295215187E-01  1.02838342234923E+00  6.67903799330945E-01
