#input for non-centrosymmetric orthorhombic HfO2

ndtset    1

autoparal 1

#Crystal Def.
ntypat   3
natom    104
typat    16*1 16*2 72*3
znucl    57 42 8
#acell 2*14.3094  7.1547 Angstrom
nsym 1

rprim
  2.68405793672892E+01 -5.41802473636339E-01 -1.09996661090614E-02
 -5.39474403822629E-01  2.72195136581049E+01  3.19220900359163E-01
 -6.71257325903209E-03  1.58226261531499E-01  1.35502852504826E+01




kptopt   1
ngkpt    1 1 2
nshiftk 1
shiftk 
0.5 0.5 0.5

ecut       30
pawecutdg  30
pawxcdev   0
ixc      -116133
#There are 416 occupied bands
nband    420
diemac   4
ecutsm   0.5

# First SCF run       
#irdwfk1   1
nstep     100
iscf      7
tolvrs    1.0E-20
ionmov    2
optcell   2
dilatmx   1.04
tolmxf    1e-8
ntime     250
strtarget 3*0.0 1.69946e-05 2*0.0

# Printing flags
prtden    1
prteig    0
prtwf     1
prtposcar 0
prtcif    0





xred  4.30515413266691E-01  4.37987794541022E-01  8.29062622102249E-01
  1.47905851622067E-01  3.03980862254931E-01  1.15414436304026E-01
  1.04186308719399E-01  1.69374544366423E-01  5.95943733201931E-01
  3.20522458614450E-01  6.22005837130987E-02  3.37575107527741E-01
  9.11708758056571E-01  4.41951845523429E-01  8.76779516117043E-01
  6.81463946941124E-01  3.36378032237942E-01  1.74092425784979E-01
  5.69570639212060E-01  2.00865363834305E-01  6.99160730362803E-01
  8.28862569477956E-01  7.72190246172138E-02  3.73244512652308E-01
  4.31498565111108E-01  9.36357389136952E-01  8.26320611629720E-01
  1.82946905392813E-01  8.27990765020323E-01  1.40642310630471E-01
  9.57337145160782E-02  6.69909610494100E-01  6.23362304166578E-01
  3.20675837349437E-01  5.71397899746894E-01  3.41759734958016E-01
  9.04468411165549E-01  9.39680245655551E-01  8.60130842340169E-01
  6.53822552072169E-01  8.15255095239556E-01  1.90307298318697E-01
  5.55922422475663E-01  6.82110184820671E-01  6.44536110321454E-01
  8.09368764686147E-01  5.73238300422971E-01  3.46009668051844E-01
  9.04085240270413E-02  6.38587891900140E-02  1.55278128942869E-01
  3.27738775714772E-01  1.73944851100969E-01  7.81437484810613E-01
  4.00639171833887E-01  3.26798842063749E-01  3.15415413368531E-01
  1.58982114547798E-01  4.02553978730672E-01  6.51111162985358E-01
  6.02589008621280E-01  9.68456956504230E-02  2.02042224844351E-01
  8.55177533378413E-01  1.74943716040096E-01  8.33652888295137E-01
  9.20233092463469E-01  3.34970848130450E-01  3.24485654745338E-01
  6.71499384152362E-01  4.24414365618384E-01  7.07638329099082E-01
  8.28369935405662E-02  5.48005246299875E-01  1.78508315074744E-01
  3.21475681675708E-01  6.63681691400425E-01  8.13733825546571E-01
  4.18441774774050E-01  8.47269867434280E-01  2.91399045736747E-01
  1.36280075978246E-01  8.97095981971832E-01  6.92346638117303E-01
  5.72502256196159E-01  5.82199517560692E-01  1.94356829722230E-01
  8.39916944505379E-01  6.77010824019655E-01  8.22034935278012E-01
  9.08212900236720E-01  8.27428548462799E-01  3.32004182775142E-01
  6.73312420888170E-01  9.31373477650236E-01  7.07049415761651E-01
  7.21421483959690E-02  3.52000755494289E-01  8.08279925781236E-01
  1.73865542419188E-01  1.54109692693141E-01  2.78546612885618E-01
  3.34886025595440E-01  3.50588337149867E-01  1.09861895666438E-01
  4.27190963512997E-01  9.79033708863122E-02  6.86583213446480E-01
  5.84030651716367E-01  3.52617090622974E-01  8.63750004794899E-01
  6.49279914487999E-01  1.50430902353136E-01  4.05263256018875E-01
  8.40439404184613E-01  4.21295627777237E-01  2.08757916927432E-01
  9.32383968021501E-01  1.44664551024366E-01  6.47383964783983E-01
  6.34729122273679E-02  8.13621800263858E-01  8.14744265411714E-01
  1.52825257373816E-01  6.47884635395204E-01  2.59078315341241E-01
  3.42533426613022E-01  9.20688810229481E-01  1.30700273810750E-01
  4.09444955056820E-01  5.89504453637255E-01  6.84052843945942E-01
  5.73615341835198E-01  8.48149630913370E-01  7.47805085319793E-01
  6.55133161362646E-01  6.57965975292309E-01  3.54492255621636E-01
  8.71924782148686E-01  9.28848331294911E-01  2.08906136920938E-01
  9.19914047333801E-01  6.44053228964067E-01  6.43595241022407E-01
  8.02755174905926E-02  1.47598971386885E-01  9.63898017897793E-01
  9.96211365339029E-01  7.06891937239678E-02  3.14495018837766E-01
  1.80125662742627E-01  9.82058732553454E-01  2.57316147460386E-01
  3.94209652639744E-01  4.22253236675838E-01  4.68561682294743E-01
  3.49213030022477E-01  2.26754478242769E-01  4.24102979842304E-01
  5.17419282085710E-01  2.95557272941274E-01  2.72677764771111E-01
  3.25438998535482E-01  1.27790838986619E-01  9.01585471748493E-03
  4.19210266342879E-01  2.69943266125347E-01  7.68917237589149E-01
  2.48167091316847E-01  9.57026582920507E-02  6.35488617913314E-01
  2.60818886851869E-01  4.44124211932347E-01  7.65509899847435E-01
  1.78601043206647E-01  3.28972966909893E-01  4.61092780751365E-01
  1.08615026120505E-01  5.03539747763381E-01  5.56307414190258E-01
  1.24127031767538E-02  4.09184482863110E-01  1.54149770035461E-01
  9.21712069409077E-01  3.76547525266484E-01  5.50756735008060E-01
  8.24560084031005E-01  2.45349705294172E-01  3.08778041896405E-01
  4.83694145735343E-01  6.13106196745699E-02  2.17916586476054E-01
  6.21962782119035E-01  1.82115724135345E-01  1.02101323657457E+00
  6.76959340726671E-01  1.00420511463889E+00  1.73820165947662E-01
  7.54515677114995E-01  3.87438875755202E-01  8.94957473895550E-01
  6.57904950330370E-01  3.45316470843203E-01  5.21461335242049E-01
  5.85861182479038E-01  5.14323050270571E-01  6.98925688108348E-01
  8.51080256397913E-01  8.83137572780620E-02  1.61203597671206E-02
  9.01500786970473E-01  2.75310737008941E-01  9.41225358431688E-01
  7.46041643268903E-01  2.01047709480078E-01  7.39805682016677E-01
  3.37831424169919E-01  5.90227711699617E-01  1.46426829997465E-02
  3.98045688191433E-01  7.64290068014136E-01  8.04492412225232E-01
  2.50369009249817E-01  6.38013497380869E-01  5.94609195174079E-01
  1.83373896571624E-01  4.72233329573162E-01  1.96375836723330E-01
  5.29471555013234E-02  5.69099793955930E-01  9.39215957321480E-01
  9.80344755242292E-01  5.69849191245419E-01  3.14166683065738E-01
  3.91798869433018E-01  9.20799047668440E-01  4.86771458697817E-01
  3.36032198798701E-01  7.50499095617591E-01  2.76514280255781E-01
  5.08071339513484E-01  8.74164342261474E-01  9.85228363408129E-02
  6.91440895735026E-02 -4.40952591134465E-03  6.39138941403625E-01
  2.39177843762980E-01  9.16473104392609E-01  8.27409350398550E-01
  1.66110019299316E-01  8.28048261569297E-01  4.98529437528695E-01
  6.68963866065657E-01  4.98218271132260E-01  2.19670688833536E-01
  4.82436381657805E-01  6.13337808086059E-01  3.57803182912616E-01
  5.81916518808893E-01  6.66463141690621E-01  1.00742169281339E+00
  8.32548294213057E-01  5.85731662101490E-01 -6.25560775172724E-03
  8.85067000249112E-01  7.74641340821851E-01  9.38825747652469E-01
  7.29872299807174E-01  6.99795792106283E-01  7.25740252038045E-01
  5.99895223863588E-01  2.85326190890509E-02  7.48150753751328E-01
  7.38619704268797E-01  8.84975596338073E-01  9.05423150892370E-01
  6.94750132010894E-01  8.94026577256859E-01  4.73406209980593E-01
  1.94625782023231E-02  7.90009406556861E-01  2.67378651850520E-01
  9.13397277760953E-01  8.54143647975888E-01  5.68931739188199E-01
  8.17952200188635E-01  7.41111556917321E-01  2.96688637360242E-01
  5.69840710643781E-02 -3.79127450944793E-02  1.60142765414988E-02
  2.27250674650259E-01  2.53207508958964E-01  7.90384933539047E-01
  1.01749374597997E+00  2.56864999991078E-01  3.27670700062031E-01
  7.73752160236144E-01  5.01367794221762E-01  6.35767735476785E-01
  2.09778387022290E-01  7.12734914926200E-01  8.88942810131619E-01
  5.20458451612533E-01  7.94132142135181E-01  4.03178598802578E-01
  4.95139345700971E-01  4.87240237946098E-01  1.12994195592526E-01
  7.92001679418489E-01  1.01401948436331E+00  6.66521081483018E-01
