#input for non-centrosymmetric orthorhombic HfO2

ndtset    1

autoparal 1

#Crystal Def.
ntypat   3
natom    104
typat    16*1 16*2 72*3
znucl    57 42 8
#acell 2*14.3094  7.1547 Angstrom
nsym 1

rprim
  2.68102557487086E+01 -3.25680519242128E-01  1.35360799238867E-02
 -3.17001925633704E-01  2.72427269534883E+01  3.39358987061379E-02
  1.43952221255445E-03  1.65913360889441E-02  1.35524731900091E+01




kptopt   1
ngkpt    1 1 2
nshiftk 1
shiftk 
0.5 0.5 0.5

ecut       30
pawecutdg  30
pawxcdev   0
ixc      -116133
#There are 416 occupied bands
nband    420
diemac   4
ecutsm   0.5

# First SCF run       
#irdwfk1   1
nstep     100
iscf      7
tolvrs    1.0E-20
ionmov    2
optcell   2
dilatmx   1.04
tolmxf    1e-8
ntime     250
strtarget 5*0.0 1.69946e-05

# Printing flags
prtden    1
prteig    0
prtwf     1
prtposcar 0
prtcif    0

xred  4.29837514437685E-01  4.38711517728200E-01  8.29406128943485E-01
  1.48660023625357E-01  3.03035745982535E-01  1.14598147497697E-01
  1.04224227305444E-01  1.70527893480036E-01  5.97369753719224E-01
  3.20715213061274E-01  6.16494392184766E-02  3.33728123041121E-01
  9.12239584153494E-01  4.40694178024025E-01  8.79815796413765E-01
  6.82712572383319E-01  3.36631192483026E-01  1.71613798248364E-01
  5.69720273767928E-01  2.00656915981917E-01  7.03073159107757E-01
  8.27600751089549E-01  7.81116207092820E-02  3.77275177146306E-01
  4.30257006752752E-01  9.37167546320287E-01  8.31065110863976E-01
  1.83727615563239E-01  8.27997924242592E-01  1.41011516661240E-01
  9.46637895870029E-02  6.70188427253770E-01  6.19421143359414E-01
  3.22735477419793E-01  5.70261425985956E-01  3.37398091542850E-01
  9.03980456886152E-01  9.37742549766893E-01  8.61636865726153E-01
  6.54508215710785E-01  8.14203595668474E-01  1.91447950341536E-01
  5.55266936829320E-01  6.82892963757827E-01  6.47741110209081E-01
  8.09074486339636E-01  5.73175575126616E-01  3.50941285960220E-01
  9.01019966294831E-02  6.51285338614089E-02  1.54171166493097E-01
  3.28273238255594E-01  1.73944477255423E-01  7.82141606094291E-01
  4.01128949506971E-01  3.25639778989514E-01  3.13505042188233E-01
  1.59524716746107E-01  4.02406032722941E-01  6.52259551910371E-01
  6.02623636418773E-01  9.65443583512174E-02  1.95554982625064E-01
  8.54635879017251E-01  1.73583726438869E-01  8.35224107669173E-01
  9.20535385112088E-01  3.35519646369762E-01  3.25118310377120E-01
  6.71037343112788E-01  4.24381252201214E-01  7.07909905024486E-01
  8.33546568592217E-02  5.47477027629610E-01  1.79248743802905E-01
  3.20831736344950E-01  6.64106667790054E-01  8.11348133525518E-01
  4.19145947608419E-01  8.46204812423660E-01  2.91793751962764E-01
  1.35670670708586E-01  8.97501383123705E-01  6.93014557611834E-01
  5.72659636614092E-01  5.83496962684441E-01  1.95241172849615E-01
  8.39288245438798E-01  6.75103284334216E-01  8.27296745176393E-01
  9.08246163593805E-01  8.26805487346612E-01  3.28839473559133E-01
  6.73258194384931E-01  9.31768169374533E-01  7.08817087306031E-01
  7.15353561305643E-02  3.51482326557083E-01  8.04386705168614E-01
  1.74093761848773E-01  1.54010495643698E-01  2.78596884344607E-01
  3.34031819838858E-01  3.50706799378586E-01  1.11434617195896E-01
  4.28283968551118E-01  9.76072298566338E-02  6.87690561371623E-01
  5.84109173163531E-01  3.52814338731026E-01  8.63354617490979E-01
  6.44919133036346E-01  1.47888424840697E-01  4.06056351939160E-01
  8.40110413610243E-01  4.21463738914986E-01  2.09328582564893E-01
  9.32760388301449E-01  1.42793750158227E-01  6.48912452478512E-01
  6.10094204764182E-02  8.15407900392316E-01  8.09888816552758E-01
  1.53465169372550E-01  6.46786480912750E-01  2.59947604806724E-01
  3.42016308673422E-01  9.19465337217362E-01  1.31657896081137E-01
  4.09326713614611E-01  5.89078622813225E-01  6.82825573643893E-01
  5.72973271712329E-01  8.50202806565922E-01  7.46071082026466E-01
  6.55540692847115E-01  6.58664987579226E-01  3.57212435338420E-01
  8.71274942291271E-01  9.29002564434383E-01  2.11362758211033E-01
  9.19011857079608E-01  6.40423144657096E-01  6.47716434776625E-01
  8.07655959052940E-02  1.48337645038268E-01  9.64461982429751E-01
  9.95300724925135E-01  7.34873444421761E-02  3.12513799751034E-01
  1.79075400804014E-01  9.82416288660717E-01  2.56527161572443E-01
  3.95435937382746E-01  4.21639522855986E-01  4.69767852591287E-01
  3.53777078305064E-01  2.25203823958306E-01  4.20901327772267E-01
  5.18102094359913E-01  2.96880189889959E-01  2.60813858537985E-01
  3.23891648242022E-01  1.27837210897949E-01  7.75101352506896E-03
  4.18267999067778E-01  2.69875282353285E-01  7.73094339653761E-01
  2.49387575763709E-01  9.68233274024295E-02  6.32599220439245E-01
  2.60277654447704E-01  4.44119992274380E-01  7.69501132949087E-01
  1.82145078053661E-01  3.28819033272662E-01  4.60473169877647E-01
  1.08479725514414E-01  5.02984733997823E-01  5.58615784966859E-01
  1.24802789432635E-02  4.08391848218849E-01  1.55318720998927E-01
  9.21073626091083E-01  3.79449444507180E-01  5.51023080754857E-01
  8.25711799408531E-01  2.46231988735827E-01  3.10975208237790E-01
  4.83238720467463E-01  6.26973169205199E-02  1.96621030353604E-01
  6.28202958380648E-01  1.82158025789534E-01  1.02162603560674E+00
  6.77259884484561E-01  1.00251181187806E+00  1.71998718287690E-01
  7.54658596793957E-01  3.87657807623197E-01  8.93232197513066E-01
  6.56803828654483E-01  3.45247500282216E-01  5.19241510579219E-01
  5.84187005946670E-01  5.14478141893749E-01  7.04581458289168E-01
  8.50102346149706E-01  8.85711106547771E-02  1.72828034100151E-02
  9.00293385149028E-01  2.74320112883234E-01  9.43712340788395E-01
  7.46814209114788E-01  2.00428202410385E-01  7.34395643737840E-01
  3.36040748722741E-01  5.91553903368899E-01  1.13632348910002E-02
  3.96767287060409E-01  7.64339332216469E-01  8.04807395315103E-01
  2.50172240120093E-01  6.37237241057330E-01  5.91711881820869E-01
  1.83877518953829E-01  4.70514473799750E-01  1.96319582084244E-01
  5.28701556365870E-02  5.66971347056187E-01  9.41228495391399E-01
  9.81069714519034E-01  5.71724859142330E-01  3.17057851354251E-01
  3.92568081188347E-01  9.22451109512714E-01  4.86393535067403E-01
  3.36747904393150E-01  7.50533773454559E-01  2.76150914423872E-01
  5.08182882024878E-01  8.72220239594946E-01  9.96069911097344E-02
  7.06761227983562E-02 -2.93258989494373E-03  6.36306132499269E-01
  2.38869994684551E-01  9.16377560289117E-01  8.27703215547876E-01
  1.66094048663464E-01  8.27590626315381E-01  4.97313828632143E-01
  6.68445581695074E-01  4.98425209111525E-01  2.18338087205512E-01
  4.83023834019314E-01  6.15516593323220E-01  3.62389197577333E-01
  5.82024622862127E-01  6.67402993427140E-01  1.01109645403286E+00
  8.32342154013977E-01  5.85522671181689E-01 -1.45667064221673E-03
  8.84987253341332E-01  7.73605681870377E-01  9.41903390749524E-01
  7.29055753555697E-01  6.98738999420890E-01  7.31344789859651E-01
  6.00665527251756E-01  2.99561617890233E-02  7.57926957661875E-01
  7.38892426576259E-01  8.84140227127267E-01  9.03246764922686E-01
  6.94031461488755E-01  8.94398512978703E-01  4.73098525212978E-01
  2.01390806879217E-02  7.89926381633802E-01  2.60993023082593E-01
  9.14597110233743E-01  8.52720892254498E-01  5.66744964936211E-01
  8.18771091914129E-01  7.40368495650323E-01  2.95350651319997E-01
  5.73898621326012E-02 -3.63707118038410E-02  1.09586283425493E-02
  2.26778835392499E-01  2.54336851677335E-01  7.91481387723556E-01
  1.01929094804794E+00  2.58219336761929E-01  3.30487293681099E-01
  7.71257496195881E-01  5.01260326117763E-01  6.36732689345234E-01
  2.07579438683614E-01  7.13594883392142E-01  8.86352753081347E-01
  5.21261190993780E-01  7.93843431740919E-01  4.03606794510541E-01
  4.92894629418047E-01  4.91292568581773E-01  1.12975248967434E-01
  7.92198918606978E-01  1.01289184969967E+00  6.67965746787128E-01
