  8.76086237483715E-01  8.35122934490196E-01  8.95354813713503E-01
  3.75885723821374E-01  6.65064743269286E-01  1.04876867991423E-01
  1.30338984285771E-01  3.72019140309752E-01  6.81443537250117E-01
  6.30313560527143E-01  1.28571029666211E-01  3.18295782931344E-01
  1.68670793364854E-01  2.05406303977387E-01  2.02566940541868E-01
  6.68753805693022E-01  2.95184137018026E-01  7.97473180072677E-01
  8.38446206433092E-01  6.19586800027673E-01  3.10727944859439E-01
  3.38679549888112E-01  8.80211240433864E-01  6.89170119890991E-01
  3.16174370597124E-01  2.86515264616545E-01  4.02081536798755E-01
  8.16118224472104E-01  2.14516326932772E-01  5.97910844791602E-01
  6.80890116686342E-01  8.06067711965689E-01  1.96062417949815E-01
  1.80807640607050E-01  6.94003360381665E-01  8.04582257477049E-01
  9.56445399688454E-01  7.20116089374134E-02  1.97444033483528E-01
  4.56648505137126E-01  4.28503829883046E-01  8.01526561205180E-01
  2.61727372857538E-02  7.00102167523209E-01  1.61579008938821E-01
  5.26072607368423E-01  8.00208718219854E-01  8.39088541778783E-01
  3.32568588034799E-01  1.01684049990747E+00  1.35174368557575E-01
  1.32322240285309E-01  3.65757974862747E-02  7.50553654803619E-01
  8.32695643472176E-01  4.83284646155486E-01  8.66150444430279E-01
  6.32422538255645E-01  4.62911852918605E-01  2.48678507005230E-01
  1.89290074164481E-01  3.58736873208152E-01  1.02712176493259E+00
  8.36632397646624E-01  7.29034697270565E-01  5.40150384218919E-01
  3.36756194034907E-01  7.68928074912474E-01  4.60432155210587E-01
  6.88394429266261E-01  1.40949868345529E-01 -2.77653549788775E-02
  9.91267129484940E-01  4.14599667201165E-01  3.55471900827139E-01
  4.91146301952286E-01  1.08504270492176E+00  6.43847785318338E-01
